dia_mes_ano,hora_minuto,irr,massaPM1,massaPM2,massaPM4,massaPM10,numPM1,numPM2,numPM4,numPM10,tamanho_medio,temp,vento_dir,vento_vel,rainfall,P_AC,I_AC,I_DC,V_AC,V_DC,IRR,P_DC
20191231,000000,0,0,0,0,0,0,0,0,0,0,0,0,0,0,0,0.1,0,215.9,43.7,0,0
20191231,000100,0,0,0,0,0,0,0,0,0,0,0,0,0,0,0,0.1,0,215.9,43.9,0,0
20191231,000200,0,0,0,0,0,0,0,0,0,0,0,0,0,0,0,0.1,0,215.9,44,0,0
20191231,000300,0,0,0,0,0,0,0,0,0,0,0,0,0,0,0,0.1,0,215.9,44,0,0
20191231,000400,0,0,0,0,0,0,0,0,0,0,0,0,0,0,0,0.1,0,215.9,44.1,0,0
20191231,000500,0,0,0,0,0,0,0,0,0,0,0,0,0,0,0,0.1,0,215.9,44.1,0,0
20191231,000600,0,0,0,0,0,0,0,0,0,0,0,0,0,0,0,0.1,0,215.9,44,0,0
20191231,000700,0,0,0,0,0,0,0,0,0,0,0,0,0,0,0,0.1,0,215.9,43.8,0,0
20191231,000800,0,0,0,0,0,0,0,0,0,0,0,0,0,0,0,0.1,0,215.9,43.6,0,0
20191231,000900,0,0,0,0,0,0,0,0,0,0,0,0,0,0,0,0.1,0,215.9,43.5,0,0
20191231,001000,0,0,0,0,0,0,0,0,0,0,0,0,0,0,0,0.1,0,215.9,43.4,0,0
20191231,001100,0,0,0,0,0,0,0,0,0,0,0,0,0,0,0,0.1,0,215.9,43.3,0,0
20191231,001200,0,0,0,0,0,0,0,0,0,0,0,0,0,0,0,0.1,0,215.9,43.5,0,0
20191231,001300,0,0,0,0,0,0,0,0,0,0,0,0,0,0,0,0.1,0,215.9,43.6,0,0
20191231,001400,0,0,0,0,0,0,0,0,0,0,0,0,0,0,0,0.1,0,215.9,43.7,0,0
20191231,001500,0,0,0,0,0,0,0,0,0,0,0,0,0,0,0,0.1,0,215.9,43.7,0,0
20191231,001600,0,0,0,0,0,0,0,0,0,0,0,0,0,0,0,0.1,0,215.9,43.8,0,0
20191231,001700,0,0,0,0,0,0,0,0,0,0,0,0,0,0,0,0.1,0,215.9,44,0,0
20191231,001800,0,0,0,0,0,0,0,0,0,0,0,0,0,0,0,0.1,0,215.9,44.1,0,0
20191231,001900,0,0,0,0,0,0,0,0,0,0,0,0,0,0,0,0.1,0,215.9,44.1,0,0
20191231,002000,0,0,0,0,0,0,0,0,0,0,0,0,0,0,0,0.1,0,215.9,44.2,0,0
20191231,002100,0,0,0,0,0,0,0,0,0,0,0,0,0,0,0,0.1,0,215.9,44.2,0,0
20191231,002200,0,0,0,0,0,0,0,0,0,0,0,0,0,0,0,0.1,0,215.9,44.2,0,0
20191231,002300,0,0,0,0,0,0,0,0,0,0,0,0,0,0,0,0.1,0,215.9,44.2,0,0
20191231,002400,0,0,0,0,0,0,0,0,0,0,0,0,0,0,0,0.1,0,215.9,44.3,0,0
20191231,002500,0,0,0,0,0,0,0,0,0,0,0,0,0,0,0,0.1,0,215.9,44.3,0,0
20191231,002600,0,0,0,0,0,0,0,0,0,0,0,0,0,0,0,0.1,0,215.9,44.4,0,0
20191231,002700,0,0,0,0,0,0,0,0,0,0,0,0,0,0,0,0.1,0,215.9,44.4,0,0
20191231,002800,0,0,0,0,0,0,0,0,0,0,0,0,0,0,0,0.1,0,215.9,44.7,0,0
20191231,002900,0,0,0,0,0,0,0,0,0,0,0,0,0,0,0,0.1,0,215.9,44.7,0,0
20191231,003000,0,0,0,0,0,0,0,0,0,0,0,0,0,0,0,0.1,0,215.9,44.8,0,0
20191231,003100,0,0,0,0,0,0,0,0,0,0,0,0,0,0,0,0.1,0,215.9,44.8,0,0
20191231,003200,0,0,0,0,0,0,0,0,0,0,0,0,0,0,0,0.1,0,215.9,45,0,0
20191231,003300,0,0,0,0,0,0,0,0,0,0,0,0,0,0,0,0.1,0,215.9,45,0,0
20191231,003400,0,0,0,0,0,0,0,0,0,0,0,0,0,0,0,0.1,0,215.9,45.1,0,0
20191231,003500,0,0,0,0,0,0,0,0,0,0,0,0,0,0,0,0.1,0,215.9,45.1,0,0
20191231,003600,0,0,0,0,0,0,0,0,0,0,0,0,0,0,0,0.1,0,215.9,44.9,0,0
20191231,003700,0,0,0,0,0,0,0,0,0,0,0,0,0,0,0,0.1,0,215.9,44.9,0,0
20191231,003800,0,0,0,0,0,0,0,0,0,0,0,0,0,0,0,0.1,0,215.9,44.5,0,0
20191231,003900,0,0,0,0,0,0,0,0,0,0,0,0,0,0,0,0.1,0,215.9,44.5,0,0
20191231,004000,0,0,0,0,0,0,0,0,0,0,0,0,0,0,0,0.1,0,215.9,44.2,0,0
20191231,004100,0,0,0,0,0,0,0,0,0,0,0,0,0,0,0,0.1,0,215.9,44.2,0,0
20191231,004200,0,0,0,0,0,0,0,0,0,0,0,0,0,0,0,0.1,0,215.9,44.1,0,0
20191231,004300,0,0,0,0,0,0,0,0,0,0,0,0,0,0,0,0.1,0,215.9,44.1,0,0
20191231,004400,0,0,0,0,0,0,0,0,0,0,0,0,0,0,0,0.1,0,215.9,44.1,0,0
20191231,004500,0,0,0,0,0,0,0,0,0,0,0,0,0,0,0,0.1,0,215.9,44.2,0,0
20191231,004600,0,0,0,0,0,0,0,0,0,0,0,0,0,0,0,0.1,0,215.9,44.3,0,0
20191231,004700,0,0,0,0,0,0,0,0,0,0,0,0,0,0,0,0.1,0,215.9,44.4,0,0
20191231,004800,0,0,0,0,0,0,0,0,0,0,0,0,0,0,0,0.1,0,215.9,44.5,0,0
20191231,004900,0,0,0,0,0,0,0,0,0,0,0,0,0,0,0,0.1,0,215.9,44.6,0,0
20191231,005000,0,0,0,0,0,0,0,0,0,0,0,0,0,0,0,0.1,0,215.9,44.7,0,0
20191231,005100,0,0,0,0,0,0,0,0,0,0,0,0,0,0,0,0.1,0,215.9,44.7,0,0
20191231,005200,0,0,0,0,0,0,0,0,0,0,0,0,0,0,0,0.1,0,215.9,44.7,0,0
20191231,005300,0,0,0,0,0,0,0,0,0,0,0,0,0,0,0,0.1,0,215.9,44.8,0,0
20191231,005400,0,0,0,0,0,0,0,0,0,0,0,0,0,0,0,0.1,0,215.9,44.9,0,0
20191231,005500,0,0,0,0,0,0,0,0,0,0,0,0,0,0,0,0.1,0,215.9,45.1,0,0
20191231,005600,0,0,0,0,0,0,0,0,0,0,0,0,0,0,0,0.1,0,215.9,45.2,0,0
20191231,050100,0,0,0,0,0,0,0,0,0,0,0,0,0,0,12,0.1,0.09,219,450.6,6,40.55
20191231,050200,0,0,0,0,0,0,0,0,0,0,0,0,0,0,15,0.11,0.1,219.1,468.1,7,46.81
20191231,050300,0,0,0,0,0,0,0,0,0,0,0,0,0,0,23,0.13,0.11,219.1,467.9,7,51.47
20191231,050400,0,0,0,0,0,0,0,0,0,0,0,0,0,0,30,0.16,0.12,218.8,485.9,9,58.31
20191231,050500,0,0,0,0,0,0,0,0,0,0,0,0,0,0,36,0.18,0.13,219,486.8,9,63.28
20191231,050600,0,0,0,0,0,0,0,0,0,0,0,0,0,0,42,0.21,0.15,219,486.8,10,73.02
20191231,050700,0,0,0,0,0,0,0,0,0,0,0,0,0,0,48,0.24,0.16,219,500.9,10,80.14
20191231,050800,0,0,0,0,0,0,0,0,0,0,0,0,0,0,57,0.27,0.17,218.8,491,12,83.47
20191231,050900,0,0,0,0,0,0,0,0,0,0,0,0,0,0,60,0.3,0.18,219,502,12,90.36
20191231,051000,0,0,0,0,0,0,0,0,0,0,0,0,0,0,69,0.33,0.19,218.8,501.9,13,95.36
20191231,051100,0,0,0,0,0,0,0,0,0,0,0,0,0,0,72,0.36,0.2,219.1,500.5,15,100.1
20191231,051200,0,0,0,0,0,0,0,0,0,0,0,0,0,0,78,0.37,0.22,219.1,499.8,13,109.96
20191231,051300,0,0,0,0,0,0,0,0,0,0,0,0,0,0,81,0.39,0.22,219,507,15,111.54
20191231,051400,0,0,0,0,0,0,0,0,0,0,0,0,0,0,88,0.42,0.23,219,498.7,15,114.7
20191231,051500,0,0,0,0,0,0,0,0,0,0,0,0,0,0,99,0.46,0.25,219.2,506.3,16,126.58
20191231,051600,0,0,0,0,0,0,0,0,0,0,0,0,0,0,111,0.52,0.28,219.2,504,18,141.12
20191231,051700,0,0,0,0,0,0,0,0,0,0,0,0,0,0,123,0.58,0.3,219.2,513,19,153.9
20191231,051800,0,0,0,0,0,0,0,0,0,0,0,0,0,0,138,0.64,0.33,219.2,511.3,21,168.73
20191231,051900,0,0,0,0,0,0,0,0,0,0,0,0,0,0,151,0.71,0.35,219,518.1,22,181.34
20191231,052000,0,0,0,0,0,0,0,0,0,0,0,0,0,0,168,0.78,0.38,219.2,518.6,27,197.07
20191231,052100,0,0,0,0,0,0,0,0,0,0,0,0,0,0,191,0.88,0.42,219.1,514.3,27,216.01
20191231,052200,0,0,0,0,0,0,0,0,0,0,0,0,0,0,213,0.99,0.47,219.1,515.4,30,242.24
20191231,052300,0,0,0,0,0,0,0,0,0,0,0,0,0,0,231,1.07,0.49,219.1,523.9,31,256.71
20191231,052400,0,0,0,0,0,0,0,0,0,0,0,0,0,0,240,1.11,0.51,219.1,523,35,266.73
20191231,052500,0,0,0,0,0,0,0,0,0,0,0,0,0,0,246,1.13,0.52,219.3,532,33,276.64
20191231,052600,0,0,0,0,0,0,0,0,0,0,0,0,0,0,246,1.14,0.52,219.4,527.6,35,274.35
20191231,052700,0,0,0,0,0,0,0,0,0,0,0,0,0,0,250,1.15,0.53,219.3,528.1,35,279.89
20191231,052800,0,0,0,0,0,0,0,0,0,0,0,0,0,0,255,1.17,0.53,219.3,533.2,36,282.6
20191231,052900,0,0,0,0,0,0,0,0,0,0,0,0,0,0,261,1.2,0.55,219.1,526.2,38,289.41
20191231,053000,0,0,0,0,0,0,0,0,0,0,0,0,0,0,267,1.23,0.55,219.4,528.5,36,290.68
20191231,053100,0,0,0,0,0,0,0,0,0,0,0,0,0,0,273,1.26,0.58,219.1,532.1,38,308.62
20191231,053200,0,0,0,0,0,0,0,0,0,0,0,0,0,0,286,1.31,0.59,219.3,531.7,41,313.7
20191231,053300,0,0,0,0,0,0,0,0,0,0,0,0,0,0,297,1.37,0.61,219.3,530.4,41,323.54
20191231,053400,0,0,0,0,0,0,0,0,0,0,0,0,0,0,312,1.43,0.63,219.2,533.9,41,336.36
20191231,053500,0,0,0,0,0,0,0,0,0,0,0,0,0,0,332,1.53,0.67,219.3,534.1,45,357.85
20191231,053600,0,0,0,0,0,0,0,0,0,0,0,0,0,0,357,1.64,0.71,219.4,534.8,45,379.71
20191231,053700,0,0,0,0,0,0,0,0,0,0,0,0,0,0,378,1.74,0.75,219.4,535.9,48,401.92
20191231,053800,0,0,0,0,0,0,0,0,0,0,0,0,0,0,390,1.79,0.77,219.3,533.1,50,410.49
20191231,053900,0,0,0,0,0,0,0,0,0,0,0,0,0,0,396,1.82,0.79,219.3,537.5,50,424.62
20191231,054000,0,0,0,0,0,0,0,0,0,0,0,0,0,0,396,1.8,0.78,219.4,539.9,50,421.12
20191231,054100,0,0,0,0,0,0,0,0,0,0,0,0,0,0,386,1.76,0.77,219.5,533.8,48,411.03
20191231,054200,0,0,0,0,0,0,0,0,0,0,0,0,0,0,378,1.72,0.75,219.5,534,47,400.5
20191231,054300,0,0,0,0,0,0,0,0,0,0,0,0,0,0,372,1.71,0.74,219.5,540.6,45,400.04
20191231,054400,0,0,0,0,0,0,0,0,0,0,0,0,0,0,372,1.7,0.73,219.1,543.5,48,396.76
20191231,054500,0,0,0,0,0,0,0,0,0,0,0,0,0,0,378,1.73,0.74,219.3,551.9,48,408.41
20191231,054600,0,0,0,0,0,0,0,0,0,0,0,0,0,0,387,1.78,0.76,219.4,552.4,50,419.82
20191231,054700,0,0,0,0,0,0,0,0,0,0,0,0,0,0,396,1.81,0.77,219.3,548.3,51,422.19
20191231,054800,0,0,0,0,0,0,0,0,0,0,0,0,0,0,405,1.85,0.78,219.3,548.6,53,427.91
20191231,054900,0,0,0,0,0,0,0,0,0,0,0,0,0,0,417,1.91,0.79,219.3,557.1,54,440.11
20191231,055000,0,0,0,0,0,0,0,0,0,0,0,0,0,0,435,1.99,0.83,219.3,553.6,56,459.49
20191231,055100,0,0,0,0,0,0,0,0,0,0,0,0,0,0,452,2.07,0.84,219.3,561.2,59,471.41
20191231,055200,0,0,0,0,0,0,0,0,0,0,0,0,0,0,468,2.15,0.88,219,562,62,494.56
20191231,055300,0,0,0,0,0,0,0,0,0,0,0,0,0,0,486,2.22,0.91,218.9,562.6,63,511.97
20191231,055400,0,0,0,0,0,0,0,0,0,0,0,0,0,0,507,2.32,0.95,219,562.8,66,534.66
20191231,055500,0,0,0,0,0,0,0,0,0,0,0,0,0,0,528,2.43,0.99,219,564.6,70,558.95
20191231,055600,0,0,0,0,0,0,0,0,0,0,0,0,0,0,549,2.52,1.01,219,567.6,73,573.28
20191231,055700,0,0,0,0,0,0,0,0,0,0,0,0,0,0,573,2.63,1.07,219.1,561.3,76,600.59
20191231,055800,0,0,0,0,0,0,0,0,0,0,0,0,0,0,594,2.72,1.09,219,560.7,79,611.16
20191231,055900,0,0,0,0,0,0,0,0,0,0,0,0,0,0,609,2.78,1.12,219.3,563.5,80,631.12
20191231,060000,0,0,0,0,0,0,0,0,0,0,0,0,0,0,591,2.69,1.09,219.3,562.9,77,613.56
20191231,060100,0,0,0,0,0,0,0,0,0,0,0,0,0,0,561,2.57,1.06,219,553.1,73,586.29
20191231,060200,0,0,0,0,0,0,0,0,0,0,0,0,0,0,579,2.65,1.08,219.2,563,74,608.04
20191231,060300,0,0,0,0,0,0,0,0,0,0,0,0,0,0,636,2.91,1.18,219,558.2,82,658.68
20191231,060400,0,0,0,0,0,0,0,0,0,0,0,0,0,0,711,3.24,1.33,219,552.9,91,735.36
20191231,060500,0,0,0,0,0,0,0,0,0,0,0,0,0,0,759,3.48,1.47,218.9,540.7,98,794.83
20191231,060600,0,0,0,0,0,0,0,0,0,0,0,0,0,0,792,3.64,1.51,219,541.6,101,817.82
20191231,060700,0,0,0,0,0,0,0,0,0,0,0,0,0,0,841,3.85,1.6,219,543.5,106,869.6
20191231,060800,0,0,0,0,0,0,0,0,0,0,0,0,0,0,888,4.07,1.68,219.3,544.6,111,914.93
20191231,060900,0,0,0,0,0,0,0,0,0,0,0,0,0,0,942,4.29,1.73,219.4,558.2,115,965.69
20191231,061000,0,0,0,0,0,0,0,0,0,0,0,0,0,0,978,4.47,1.79,219.4,558.7,120,1000.07
20191231,061100,0,0,0,0,0,0,0,0,0,0,0,0,0,0,1016,4.64,1.87,219.5,562.6,124,1052.06
20191231,061200,0,0,0,0,0,0,0,0,0,0,0,0,0,0,1040,4.59,2.01,219.5,533.2,126,1071.73
20191231,061300,0,0,0,0,0,0,0,0,0,0,0,0,0,0,1050,4.79,1.95,219.5,552,127,1076.4
20191231,061400,0,0,0,0,0,0,0,0,0,0,0,0,0,0,843,3.8,1.54,219.4,557.7,103,858.86
20191231,061500,0,0,0,0,0,0,0,0,0,0,0,0,0,0,636,2.89,1.19,219.3,551,76,655.69
20191231,061600,0,0,0,0,0,0,0,0,0,0,0,0,0,0,597,2.74,1.14,219,543.9,70,620.05
20191231,061700,0,0,0,0,0,0,0,0,0,0,0,0,0,0,605,2.77,1.17,219.3,544.8,73,637.42
20191231,061800,0,0,0,0,0,0,0,0,0,0,0,0,0,0,620,2.84,1.19,219.4,542.4,73,645.46
20191231,061900,0,0,0,0,0,0,0,0,0,0,0,0,0,0,636,2.92,1.2,219.3,548.4,74,658.08
20191231,062000,0,0,0,0,0,0,0,0,0,0,0,0,0,0,662,3.04,1.26,219.1,548.4,77,690.98
20191231,062100,0,0,0,0,0,0,0,0,0,0,0,0,0,0,693,3.17,1.3,219.2,550.2,80,715.26
20191231,062200,0,0,0,0,0,0,0,0,0,0,0,0,0,0,726,3.33,1.39,219.2,547.2,85,760.61
20191231,062300,0,0,0,0,0,0,0,0,0,0,0,0,0,0,1167,5.43,2.11,219.5,579.4,129,1222.53
20191231,062400,0,0,0,0,0,0,0,0,0,0,0,0,0,0,1527,6.96,2.64,219.6,587.7,172,1551.53
20191231,062500,0,0,0,0,0,0,0,0,0,0,0,0,0,0,1560,7.11,2.69,219.9,585.2,176,1574.19
20191231,062600,0,0,0,0,0,0,0,0,0,0,0,0,0,0,1590,7.23,2.8,220,582.3,176,1630.44
20191231,062700,0,0,0,0,0,0,0,0,0,0,0,0,0,0,1600,7.28,2.79,220.2,582.2,179,1624.34
20191231,062800,0,0,0,0,0,0,0,0,0,0,0,0,0,0,1592,7.24,2.8,220,580.4,178,1625.12
20191231,062900,0,0,0,0,0,0,0,0,0,0,0,0,0,0,1596,7.29,2.87,220.2,565.8,178,1623.85
20191231,063000,0,0,0,0,0,0,0,0,0,0,0,0,0,0,1617,7.35,2.92,220.3,567.1,179,1655.93
20191231,063100,0,0,0,0,0,0,0,0,0,0,0,0,0,0,1617,7.34,2.93,220.2,559.7,178,1639.92
20191231,063200,0,0,0,0,0,0,0,0,0,0,0,0,0,0,1646,7.48,2.92,220.2,575.1,178,1679.29
20191231,063300,0,0,0,0,0,0,0,0,0,0,0,0,0,0,1665,7.57,2.95,220.1,580,178,1711
20191231,063400,0,0,0,0,0,0,0,0,0,0,0,0,0,0,1677,7.64,3,220,572.7,176,1718.1
20191231,063500,0,0,0,0,0,0,0,0,0,0,0,0,0,0,1686,7.69,2.99,219.8,574,176,1716.26
20191231,063600,0,0,0,0,0,0,0,0,0,0,0,0,0,0,1704,7.75,3.05,219.7,570.4,176,1739.72
20191231,063700,0,0,0,0,0,0,0,0,0,0,0,0,0,0,1767,8.07,3.15,220,575.2,181,1811.88
20191231,063800,0,0,0,0,0,0,0,0,0,0,0,0,0,0,1824,8.31,3.25,220,575.3,185,1869.72
20191231,063900,0,0,0,0,0,0,0,0,0,0,0,0,0,0,1854,8.44,3.3,220.1,574.8,187,1896.84
20191231,064000,0,0,0,0,0,0,0,0,0,0,0,0,0,0,1884,8.58,3.34,219.8,571.3,188,1908.14
20191231,064100,0,0,0,0,0,0,0,0,0,0,0,0,0,0,1914,8.7,3.41,220,572.1,190,1950.86
20191231,064200,0,0,0,0,0,0,0,0,0,0,0,0,0,0,1959,8.91,3.49,220.1,571.9,193,1995.93
20191231,064300,0,0,0,0,0,0,0,0,0,0,0,0,0,0,2000,9.09,3.45,220.3,581.1,199,2004.8
20191231,064400,0,0,0,0,0,0,0,0,0,0,0,0,0,0,2055,9.35,3.63,220.2,572.7,202,2078.9
20191231,064500,0,0,0,0,0,0,0,0,0,0,0,0,0,0,2109,9.59,3.76,220.3,573.9,207,2157.86
20191231,064600,0,0,0,0,0,0,0,0,0,0,0,0,0,0,2169,9.85,3.93,220.3,563.1,213,2212.98
20191231,064700,0,0,0,0,0,0,0,0,0,0,0,0,0,0,2223,10.14,3.97,220.3,566.6,220,2249.4
20191231,064800,0,0,0,0,0,0,0,0,0,0,0,0,0,0,2292,10.39,4.05,220.5,576.4,225,2334.42
20191231,064900,0,0,0,0,0,0,0,0,0,0,0,0,0,0,2308,10.48,4.08,220.5,575.9,228,2349.67
20191231,065000,0,0,0,0,0,0,0,0,0,0,0,0,0,0,2292,10.39,4.07,220.6,575.7,226,2343.1
20191231,065100,0,0,0,0,0,0,0,0,0,0,0,0,0,0,2229,10.12,3.91,220.4,572.9,220,2240.04
20191231,065200,0,0,0,0,0,0,0,0,0,0,0,0,0,0,2169,9.84,3.87,220.6,571.1,216,2210.16
20191231,065300,0,0,0,0,0,0,0,0,0,0,0,0,0,0,2139,9.74,3.82,220.3,567.2,211,2166.7
20191231,065400,0,0,0,0,0,0,0,0,0,0,0,0,0,0,2289,10.43,4.08,220.5,568.6,223,2319.89
20191231,065500,0,0,0,0,0,0,0,0,0,0,0,0,0,0,2304,10.48,4.12,220.3,570.8,229,2351.7
20191231,065600,0,0,0,0,0,0,0,0,0,0,0,0,0,0,2394,10.88,4.25,220.4,570.3,235,2423.77
20191231,065700,0,0,0,0,0,0,0,0,0,0,0,0,0,0,2439,11.07,4.38,220.6,571,237,2500.98
20191231,065800,0,0,0,0,0,0,0,0,0,0,0,0,0,0,2547,11.55,4.56,220.5,567.8,251,2589.17
20191231,065900,0,0,0,0,0,0,0,0,0,0,0,0,0,0,2597,11.79,4.63,220.5,572.5,257,2650.67
20191231,070000,0,0,0,0,0,0,0,0,0,0,0,0,0,0,2649,12.01,4.72,220.6,567.8,261,2680.02
20191231,070100,0,0,0,0,0,0,0,0,0,0,0,0,0,0,2673,12.13,4.77,220.6,571.3,264,2725.1
20191231,070200,0,0,0,0,0,0,0,0,0,0,0,0,0,0,2712,12.32,4.81,220.2,569.3,267,2738.33
20191231,070300,0,0,0,0,0,0,0,0,0,0,0,0,0,0,2742,12.44,4.86,220.5,570,274,2770.2
20191231,070400,0,0,0,0,0,0,0,0,0,0,0,0,0,0,2775,12.6,4.92,220.5,571.1,275,2809.81
20191231,070500,0,0,0,0,0,0,0,0,0,0,0,0,0,0,2814,12.75,4.99,220.7,571.5,280,2851.79
20191231,070600,0,0,0,0,0,0,0,0,0,0,0,0,0,0,2865,13,5.11,220.4,567.4,284,2899.41
20191231,070700,0,0,0,0,0,0,0,0,0,0,0,0,0,0,2909,13.2,5.17,220.7,572.6,290,2960.34
20191231,070800,0,0,0,0,0,0,0,0,0,0,0,0,0,0,2962,13.44,5.3,220.5,571.8,293,3030.54
20191231,070900,0,0,0,0,0,0,0,0,0,0,0,0,0,0,3001,13.62,5.32,220.5,569.4,298,3029.21
20191231,071000,0,0,0,0,0,0,0,0,0,0,0,0,0,0,3021,13.7,5.39,220.5,569.4,296,3069.07
20191231,071100,0,0,0,0,0,0,0,0,0,0,0,0,0,0,3072,13.91,5.44,220.8,570.8,305,3105.15
20191231,071200,0,0,0,0,0,0,0,0,0,0,0,0,0,0,3090,14,5.53,220.8,563.2,310,3114.5
20191231,071300,0,0,0,0,0,0,0,0,0,0,0,0,0,0,3144,14.25,5.67,220.6,564.3,315,3199.58
20191231,071400,0,0,0,0,0,0,0,0,0,0,0,0,0,0,3177,14.37,5.7,221,561.7,319,3201.69
20191231,071500,0,0,0,0,0,0,0,0,0,0,0,0,0,0,3217,14.56,5.8,221,568.1,324,3294.98
20191231,071600,0,0,0,0,0,0,0,0,0,0,0,0,0,0,3267,14.81,5.9,220.9,562.5,330,3318.75
20191231,071700,0,0,0,0,0,0,0,0,0,0,0,0,0,0,3327,15.08,6.02,220.4,557.4,337,3355.55
20191231,071800,0,0,0,0,0,0,0,0,0,0,0,0,0,0,3363,15.22,6.07,220.8,557.5,341,3384.02
20191231,071900,0,0,0,0,0,0,0,0,0,0,0,0,0,0,3369,15.28,6.13,220.8,562.8,342,3449.96
20191231,072000,0,0,0,0,0,0,0,0,0,0,0,0,0,0,3426,15.5,6.17,220.9,561.1,348,3461.99
20191231,072100,0,0,0,0,0,0,0,0,0,0,0,0,0,0,3456,15.66,6.32,220.8,553.5,351,3498.12
20191231,072200,0,0,0,0,0,0,0,0,0,0,0,0,0,0,3492,15.8,6.39,221.1,556.8,354,3557.95
20191231,072300,0,0,0,0,0,0,0,0,0,0,0,0,0,0,3483,15.76,6.32,221.1,553.5,359,3498.12
20191231,072400,0,0,0,0,0,0,0,0,0,0,0,0,0,0,3490,15.79,6.4,221.2,553,359,3539.2
20191231,072500,0,0,0,0,0,0,0,0,0,0,0,0,0,0,3522,15.93,6.49,221.1,552.5,362,3585.72
20191231,072600,0,0,0,0,0,0,0,0,0,0,0,0,0,0,3576,16.19,6.63,221.3,552.4,368,3662.41
20191231,072700,0,0,0,0,0,0,0,0,0,0,0,0,0,0,3633,16.43,6.67,221.3,549.5,376,3665.16
20191231,072800,0,0,0,0,0,0,0,0,0,0,0,0,0,0,3666,16.57,6.78,221.3,550.9,379,3735.1
20191231,072900,0,0,0,0,0,0,0,0,0,0,0,0,0,0,3745,16.94,6.94,221.3,550.2,386,3818.39
20191231,073000,0,0,0,0,0,0,0,0,0,0,0,0,0,0,3786,17.1,6.95,221.5,552.5,391,3839.88
20191231,073100,0,0,0,0,0,0,0,0,0,0,0,0,0,0,3897,17.58,7.17,221.5,553.6,403,3969.31
20191231,073200,0,0,0,0,0,0,0,0,0,0,0,0,0,0,3951,17.87,7.27,221.3,548.8,409,3989.78
20191231,073300,0,0,0,0,0,0,0,0,0,0,0,0,0,0,4023,18.15,7.43,221.7,552.1,415,4102.1
20191231,073400,0,0,0,0,0,0,0,0,0,0,0,0,0,0,4027,18.15,7.35,221.7,550.3,417,4044.7
20191231,073500,0,0,0,0,0,0,0,0,0,0,0,0,0,0,3894,17.55,7.18,221.5,551.2,406,3957.62
20191231,073600,0,0,0,0,0,0,0,0,0,0,0,0,0,0,3997,18.06,7.42,221.3,547.9,411,4065.42
20191231,073700,0,0,0,0,0,0,0,0,0,0,0,0,0,0,4098,18.49,7.64,221.5,544.6,424,4160.74
20191231,073800,0,0,0,0,0,0,0,0,0,0,0,0,0,0,4101,18.52,7.65,221.5,546.1,424,4177.66
20191231,073900,0,0,0,0,0,0,0,0,0,0,0,0,0,0,4095,18.49,7.58,221.4,546.7,424,4143.99
20191231,074000,0,0,0,0,0,0,0,0,0,0,0,0,0,0,4109,18.59,7.67,221.2,544.8,426,4178.62
20191231,074100,0,0,0,0,0,0,0,0,0,0,0,0,0,0,4191,18.91,7.76,221.7,547.4,435,4247.82
20191231,074200,0,0,0,0,0,0,0,0,0,0,0,0,0,0,4224,19.05,7.86,221.7,543.6,439,4272.7
20191231,074300,0,0,0,0,0,0,0,0,0,0,0,0,0,0,4269,19.26,7.92,221.8,543.4,444,4303.73
20191231,074400,0,0,0,0,0,0,0,0,0,0,0,0,0,0,4329,19.53,8.08,221.6,544.2,450,4397.14
20191231,074500,0,0,0,0,0,0,0,0,0,0,0,0,0,0,4277,19.27,7.92,221.7,547,447,4332.24
20191231,074600,0,0,0,0,0,0,0,0,0,0,0,0,0,0,4344,19.58,8.07,221.8,543,453,4382.01
20191231,074700,0,0,0,0,0,0,0,0,0,0,0,0,0,0,4395,19.8,8.2,222,547.5,459,4489.5
20191231,074800,0,0,0,0,0,0,0,0,0,0,0,0,0,0,4452,20.09,8.24,221.6,543.2,467,4475.97
20191231,074900,0,0,0,0,0,0,0,0,0,0,0,0,0,0,4500,20.29,8.42,221.9,542.4,473,4567.01
20191231,075000,0,0,0,0,0,0,0,0,0,0,0,0,0,0,4524,20.37,8.49,221.8,538,478,4567.62
20191231,075100,0,0,0,0,0,0,0,0,0,0,0,0,0,0,4578,20.68,8.63,221.7,542.6,482,4682.64
20191231,075200,0,0,0,0,0,0,0,0,0,0,0,0,0,0,4633,20.9,8.66,221.6,541.4,488,4688.52
20191231,075300,0,0,0,0,0,0,0,0,0,0,0,0,0,0,4665,21.01,8.79,221.9,540.3,493,4749.24
20191231,075400,0,0,0,0,0,0,0,0,0,0,0,0,0,0,4676,21.07,8.74,222,540.6,494,4724.84
20191231,075500,0,0,0,0,0,0,0,0,0,0,0,0,0,0,4692,21.15,9.08,221.9,537.7,497,4882.32
20191231,075600,0,0,0,0,0,0,0,0,0,0,0,0,0,0,4707,21.25,8.86,221.6,541,497,4793.26
20191231,075700,0,0,0,0,0,0,0,0,0,0,0,0,0,0,4765,21.46,8.97,222.1,536,505,4807.92
20191231,075800,0,0,0,0,0,0,0,0,0,0,0,0,0,0,4794,21.6,9.07,222,540.2,509,4899.61
20191231,075900,0,0,0,0,0,0,0,0,0,0,0,0,0,0,4834,21.79,9.06,221.9,536.6,514,4861.6
20191231,080000,0,0,0,0,0,0,0,0,0,0,0,0,0,0,4851,21.89,9.19,221.8,536,517,4925.84
20191231,080100,0,0,0,0,0,0,0,0,0,0,0,0,0,0,4865,21.91,9.25,222,535.5,519,4953.38
20191231,080200,0,0,0,0,0,0,0,0,0,0,0,0,0,0,4914,22.12,9.33,222.2,531.6,526,4959.83
20191231,080300,0,0,0,0,0,0,0,0,0,0,0,0,0,0,4962,22.34,9.48,222.1,534.4,532,5066.11
20191231,080400,0,0,0,0,0,0,0,0,0,0,0,0,0,0,4950,22.3,9.37,221.9,533.1,532,4995.15
20191231,080500,0,0,0,0,0,0,0,0,0,0,0,0,0,0,4959,22.33,9.53,222,530.4,534,5054.71
20191231,080600,0,0,0,0,0,0,0,0,0,0,0,0,0,0,4965,22.34,9.47,222.1,528.9,537,5008.68
20191231,080700,0,0,0,0,0,0,0,0,0,0,0,0,0,0,4989,22.48,9.6,222.2,530.7,538,5094.72
20191231,080800,0,0,0,0,0,0,0,0,0,0,0,0,0,0,5052,22.76,9.72,221.9,529.6,548,5147.71
20191231,080900,0,0,0,0,0,0,0,0,0,0,0,0,0,0,5106,22.98,9.73,222.2,530.9,552,5165.66
20191231,081000,0,0,0,0,0,0,0,0,0,0,0,0,0,0,5112,23.04,9.83,221.8,528.3,554,5193.19
20191231,081100,0,0,0,0,0,0,0,0,0,0,0,0,0,0,5124,23.09,9.84,221.8,527.8,555,5193.55
20191231,081200,0,0,0,0,0,0,0,0,0,0,0,0,0,0,5160,23.26,9.89,221.7,532,560,5261.48
20191231,081300,0,0,0,0,0,0,0,0,0,0,0,0,0,0,5199,23.44,9.91,222,528.4,564,5236.44
20191231,081400,0,0,0,0,0,0,0,0,0,0,0,0,0,0,5232,23.59,10.06,221.8,530.4,569,5335.82
20191231,081500,0,0,0,0,0,0,0,0,0,0,0,0,0,0,5245,23.6,10.13,222,522.4,572,5291.91
20191231,081600,0,0,0,0,0,0,0,0,0,0,0,0,0,0,5262,23.73,10.1,221.8,525.6,575,5308.56
20191231,081700,0,0,0,0,0,0,0,0,0,0,0,0,0,0,5235,23.57,10.04,222.1,528.3,572,5304.13
20191231,081800,0,0,0,0,0,0,0,0,0,0,0,0,0,0,5286,23.8,10.22,222.1,524.7,578,5362.43
20191231,081900,0,0,0,0,0,0,0,0,0,0,0,0,0,0,5325,23.97,10.28,222.1,528.9,581,5437.09
20191231,082000,0,0,0,0,0,0,0,0,0,0,0,0,0,0,5373,24.24,10.33,221.6,524.9,587,5422.22
20191231,082100,0,0,0,0,0,0,0,0,0,0,0,0,0,0,5406,24.36,10.48,222,527.8,592,5531.34
20191231,082200,0,0,0,0,0,0,0,0,0,0,0,0,0,0,5454,24.59,10.57,221.9,526.5,599,5565.11
20191231,082300,0,0,0,0,0,0,0,0,0,0,0,0,0,0,5487,24.71,10.52,222,528.2,602,5556.66
20191231,082400,0,0,0,0,0,0,0,0,0,0,0,0,0,0,5538,24.98,10.83,221.6,520,610,5631.6
20191231,082500,0,0,0,0,0,0,0,0,0,0,0,0,0,0,5577,25.11,10.8,222,521,616,5626.8
20191231,082600,0,0,0,0,0,0,0,0,0,0,0,0,0,0,5604,25.21,10.78,222.3,523.6,619,5644.41
20191231,082700,0,0,0,0,0,0,0,0,0,0,0,0,0,0,5634,25.35,10.87,222.2,525.1,624,5707.84
20191231,082800,0,0,0,0,0,0,0,0,0,0,0,0,0,0,5652,25.47,10.92,222,525.8,627,5741.74
20191231,082900,0,0,0,0,0,0,0,0,0,0,0,0,0,0,5672,25.53,11,222.1,520.9,630,5729.9
20191231,083000,0,0,0,0,0,0,0,0,0,0,0,0,0,0,5667,25.54,11,222.1,519.4,630,5713.4
20191231,083100,0,0,0,0,0,0,0,0,0,0,0,0,0,0,5679,25.56,11.08,222.1,516.8,633,5726.14
20191231,083200,0,0,0,0,0,0,0,0,0,0,0,0,0,0,5701,25.69,11.19,221.8,521,634,5829.99
20191231,083300,0,0,0,0,0,0,0,0,0,0,0,0,0,0,5733,25.8,11.24,222.1,516,640,5799.84
20191231,083400,0,0,0,0,0,0,0,0,0,0,0,0,0,0,5721,25.76,11.2,222.1,516.2,639,5781.44
20191231,083500,0,0,0,0,0,0,0,0,0,0,0,0,0,0,5715,25.71,11.24,222.1,520,637,5844.8
20191231,083600,0,0,0,0,0,0,0,0,0,0,0,0,0,0,5755,25.94,11.33,222,519.3,643,5883.67
20191231,083700,0,0,0,0,0,0,0,0,0,0,0,0,0,0,5760,25.93,11.2,222.4,522.9,645,5856.48
20191231,083800,0,0,0,0,0,0,0,0,0,0,0,0,0,0,5805,26.13,11.48,222.4,517.3,650,5938.6
20191231,083900,0,0,0,0,0,0,0,0,0,0,0,0,0,0,5805,26.11,11.4,222.3,516.7,651,5890.38
20191231,084000,0,0,0,0,0,0,0,0,0,0,0,0,0,0,5841,26.29,11.41,222.2,514.8,659,5873.87
20191231,084100,0,0,0,0,0,0,0,0,0,0,0,0,0,0,5862,26.34,11.49,222.5,515.8,660,5926.54
20191231,084200,0,0,0,0,0,0,0,0,0,0,0,0,0,0,5859,26.35,11.61,222.4,513.6,660,5962.9
20191231,084300,0,0,0,0,0,0,0,0,0,0,0,0,0,0,5862,26.42,11.54,222,517.3,659,5969.64
20191231,084400,0,0,0,0,0,0,0,0,0,0,0,0,0,0,5847,26.49,11.58,221.8,520,662,6021.6
20191231,084500,0,0,0,0,0,0,0,0,0,0,0,0,0,0,5952,26.82,11.79,222.1,517.1,674,6096.61
20191231,084600,0,0,0,0,0,0,0,0,0,0,0,0,0,0,6024,27.11,11.93,222.2,516.6,680,6163.04
20191231,084700,0,0,0,0,0,0,0,0,0,0,0,0,0,0,6024,27.12,11.94,222.1,515,680,6149.1
20191231,084800,0,0,0,0,0,0,0,0,0,0,0,0,0,0,6051,27.26,11.98,221.9,514.9,685,6168.5
20191231,084900,0,0,0,0,0,0,0,0,0,0,0,0,0,0,6124,27.56,12.01,222.2,516.9,692,6207.97
20191231,085000,0,0,0,0,0,0,0,0,0,0,0,0,0,0,6213,27.93,12.3,222.4,513.3,703,6313.59
20191231,085100,0,0,0,0,0,0,0,0,0,0,0,0,0,0,6237,28.04,12.29,222.5,517.5,707,6360.08
20191231,085200,0,0,0,0,0,0,0,0,0,0,0,0,0,0,6238,28.07,12.27,222.1,513.5,707,6300.64
20191231,085300,0,0,0,0,0,0,0,0,0,0,0,0,0,0,6243,28.06,12.38,222.3,516.5,709,6394.27
20191231,085400,0,0,0,0,0,0,0,0,0,0,0,0,0,0,6216,27.94,12.19,222.4,514.6,706,6272.97
20191231,085500,0,0,0,0,0,0,0,0,0,0,0,0,0,0,6219,27.95,12.33,222.4,516.1,709,6363.51
20191231,085600,0,0,0,0,0,0,0,0,0,0,0,0,0,0,6204,27.92,12.3,222.2,514.1,707,6323.43
20191231,085700,0,0,0,0,0,0,0,0,0,0,0,0,0,0,6216,27.93,12.24,222.5,517.4,710,6332.98
20191231,085800,0,0,0,0,0,0,0,0,0,0,0,0,0,0,6168,27.75,12.33,222.2,510.1,704,6289.53
20191231,085900,0,0,0,0,0,0,0,0,0,0,0,0,0,0,6222,28,12.32,222.2,511.5,710,6301.68
20191231,090000,0,0,0,0,0,0,0,0,0,0,0,0,0,0,6300,28.36,12.48,222,512.4,720,6394.75
20191231,090100,0,0,0,0,0,0,0,0,0,0,0,0,0,0,6383,28.7,12.74,222.3,507.9,730,6470.65
20191231,090200,0,0,0,0,0,0,0,0,0,0,0,0,0,0,6445,28.99,12.81,222.3,512.7,738,6567.69
20191231,090300,0,0,0,0,0,0,0,0,0,0,0,0,0,0,6468,29.11,12.84,222.2,512.9,742,6585.64
20191231,090400,0,0,0,0,0,0,0,0,0,0,0,0,0,0,6495,29.25,12.86,222,508.7,749,6541.88
20191231,090500,0,0,0,0,0,0,0,0,0,0,0,0,0,0,6507,29.25,12.88,222.4,510.2,749,6571.38
20191231,090600,0,0,0,0,0,0,0,0,0,0,0,0,0,0,6516,29.3,13.05,222.3,509.3,753,6646.37
20191231,090700,0,0,0,0,0,0,0,0,0,0,0,0,0,0,6510,29.26,12.89,222.6,512.5,752,6606.12
20191231,090800,0,0,0,0,0,0,0,0,0,0,0,0,0,0,6571,29.54,13.03,222.4,508.8,759,6629.66
20191231,090900,0,0,0,0,0,0,0,0,0,0,0,0,0,0,6654,29.89,13.32,222.6,509.2,768,6782.54
20191231,091000,0,0,0,0,0,0,0,0,0,0,0,0,0,0,6705,30.1,13.46,222.8,507.5,777,6830.95
20191231,091100,0,0,0,0,0,0,0,0,0,0,0,0,0,0,6753,30.28,13.53,222.9,506.7,784,6855.65
20191231,091200,0,0,0,0,0,0,0,0,0,0,0,0,0,0,6783,30.42,13.72,222.9,505.6,788,6936.83
20191231,091300,0,0,0,0,0,0,0,0,0,0,0,0,0,0,6825,30.65,13.82,222.6,504.1,794,6966.66
20191231,091400,0,0,0,0,0,0,0,0,0,0,0,0,0,0,6864,30.76,13.77,223.1,506,800,6967.62
20191231,091500,0,0,0,0,0,0,0,0,0,0,0,0,0,0,6867,30.77,13.89,223.1,501.2,799,6961.67
20191231,091600,0,0,0,0,0,0,0,0,0,0,0,0,0,0,6855,30.73,13.85,223.1,504.9,800,6992.86
20191231,091700,0,0,0,0,0,0,0,0,0,0,0,0,0,0,6837,30.7,13.82,222.7,499.8,800,6907.24
20191231,091800,0,0,0,0,0,0,0,0,0,0,0,0,0,0,6813,30.55,13.68,222.9,502.3,799,6871.46
20191231,091900,0,0,0,0,0,0,0,0,0,0,0,0,0,0,6819,30.59,13.84,222.8,502.6,800,6955.98
20191231,092000,0,0,0,0,0,0,0,0,0,0,0,0,0,0,6720,30.14,13.66,222.8,502.4,790,6862.78
20191231,092100,0,0,0,0,0,0,0,0,0,0,0,0,0,0,6588,29.6,13.28,222.5,506.8,770,6730.3
20191231,092200,0,0,0,0,0,0,0,0,0,0,0,0,0,0,6540,29.39,13.1,222.7,504.5,767,6608.95
20191231,092300,0,0,0,0,0,0,0,0,0,0,0,0,0,0,6753,30.31,13.66,222.7,505.9,784,6910.59
20191231,092400,0,0,0,0,0,0,0,0,0,0,0,0,0,0,6846,30.72,13.83,222.8,505.1,805,6985.53
20191231,092500,0,0,0,0,0,0,0,0,0,0,0,0,0,0,6912,31.06,13.99,222.6,504,809,7050.96
20191231,092600,0,0,0,0,0,0,0,0,0,0,0,0,0,0,6840,30.7,13.69,222.7,503.8,803,6897.02
20191231,092700,0,0,0,0,0,0,0,0,0,0,0,0,0,0,6918,31.06,13.91,222.7,508.1,809,7067.67
20191231,092800,0,0,0,0,0,0,0,0,0,0,0,0,0,0,7020,31.5,14.32,223.1,501.5,822,7181.48
20191231,092900,0,0,0,0,0,0,0,0,0,0,0,0,0,0,7144,32.05,14.44,222.9,501.6,838,7243.1
20191231,093000,0,0,0,0,0,0,0,0,0,0,0,0,0,0,7177,32.22,14.66,222.9,503.3,847,7378.38
20191231,093100,0,0,0,0,0,0,0,0,0,0,0,0,0,0,7239,32.41,14.74,223.3,501.3,854,7389.16
20191231,093200,0,0,0,0,0,0,0,0,0,0,0,0,0,0,7298,32.73,14.8,223.2,500.9,861,7413.32
20191231,093300,0,0,0,0,0,0,0,0,0,0,0,0,0,0,7341,32.85,15.01,223.2,496,867,7444.96
20191231,093400,0,0,0,0,0,0,0,0,0,0,0,0,0,0,7314,32.82,14.93,222.8,501.1,866,7481.42
20191231,093500,0,0,0,0,0,0,0,0,0,0,0,0,0,0,7512,33.67,15.42,223.1,497,886,7663.74
20191231,093600,0,0,0,0,0,0,0,0,0,0,0,0,0,0,7524,33.71,15.19,223.2,499.2,893,7582.85
20191231,093700,0,0,0,0,0,0,0,0,0,0,0,0,0,0,7553,33.82,15.48,223.3,497.6,901,7702.85
20191231,093800,0,0,0,0,0,0,0,0,0,0,0,0,0,0,7581,33.93,15.99,223.2,491.4,904,7857.49
20191231,093900,0,0,0,0,0,0,0,0,0,0,0,0,0,0,7638,34.15,15.68,223.6,492,916,7714.56
20191231,094000,0,0,0,0,0,0,0,0,0,0,0,0,0,0,7698,34.44,15.94,223.7,495.4,925,7896.68
20191231,094100,0,0,0,0,0,0,0,0,0,0,0,0,0,0,7758,34.63,15.9,223.9,494,934,7854.6
20191231,094200,0,0,0,0,0,0,0,0,0,0,0,0,0,0,7875,35.19,16.35,223.9,492.2,951,8047.47
20191231,094300,0,0,0,0,0,0,0,0,0,0,0,0,0,0,7998,35.7,16.58,224,495.6,966,8217.05
20191231,094400,0,0,0,0,0,0,0,0,0,0,0,0,0,0,8079,36.06,16.66,224,497.4,978,8286.68
20191231,094500,0,0,0,0,0,0,0,0,0,0,0,0,0,0,8165,36.43,16.77,224.2,493.5,988,8275.99
20191231,094600,0,0,0,0,0,0,0,0,0,0,0,0,0,0,8241,36.77,16.9,224.1,497.9,1000,8414.51
20191231,094700,0,0,0,0,0,0,0,0,0,0,0,0,0,0,8268,36.91,16.73,224,503.8,1006,8428.57
20191231,094800,0,0,0,0,0,0,0,0,0,0,0,0,0,0,8268,36.88,16.27,224.1,517.5,1019,8419.73
20191231,094900,0,0,0,0,0,0,0,0,0,0,0,0,0,0,8271,36.86,16.08,224.3,523.1,1032,8411.45
20191231,095000,0,0,0,0,0,0,0,0,0,0,0,0,0,0,8268,36.85,16.16,224.3,523.3,1033,8456.53
20191231,095100,0,0,0,0,0,0,0,0,0,0,0,0,0,0,8268,36.89,16.25,224.1,517.6,1024,8411
20191231,095200,0,0,0,0,0,0,0,0,0,0,0,0,0,0,8271,36.86,16.36,224.3,514.1,1023,8410.68
20191231,095300,0,0,0,0,0,0,0,0,0,0,0,0,0,0,8272,36.86,16.4,224.3,512.3,1026,8401.72
20191231,095400,0,0,0,0,0,0,0,0,0,0,0,0,0,0,8267,36.88,16.38,224,514.4,1032,8425.87
20191231,095500,0,0,0,0,0,0,0,0,0,0,0,0,0,0,8268,36.94,16.28,223.8,517.4,1039,8423.27
20191231,095600,0,0,0,0,0,0,0,0,0,0,0,0,0,0,8270,36.95,16.14,223.8,522.3,1059,8429.92
20191231,095700,0,0,0,0,0,0,0,0,0,0,0,0,0,0,8270,36.9,16.15,224.1,521.4,1062,8420.61
20191231,095800,0,0,0,0,0,0,0,0,0,0,0,0,0,0,8267,36.89,16.05,224,522.9,1073,8392.54
20191231,095900,0,0,0,0,0,0,0,0,0,0,0,0,0,0,8271,36.93,16.23,223.9,520.7,1073,8450.96
20191231,100000,0,0,0,0,0,0,0,0,0,0,0,0,0,0,8273,36.99,16.1,223.5,523.4,1094,8426.74
20191231,100100,0,0,0,0,0,0,0,0,0,0,0,0,0,0,8270,36.94,16.02,223.8,523.6,1105,8388.07
20191231,100200,0,0,0,0,0,0,0,0,0,0,0,0,0,0,8268,36.93,15.94,223.9,526.7,1123,8395.6
20191231,100300,0,0,0,0,0,0,0,0,0,0,0,0,0,0,8268,36.88,15.91,224.2,529.5,1132,8424.34
20191231,100400,0,0,0,0,0,0,0,0,0,0,0,0,0,0,8268,36.92,15.83,223.9,530.7,1146,8400.98
20191231,100500,0,0,0,0,0,0,0,0,0,0,0,0,0,0,8121,36.89,16.93,223.7,487.3,1000,8249.99
20191231,100600,0,0,0,0,0,0,0,0,0,0,0,0,0,0,8271,36.91,16.13,224,521.2,1114,8406.96
20191231,100700,0,0,0,0,0,0,0,0,0,0,0,0,0,0,8268,36.9,16.19,224.1,521,1114,8434.99
20191231,100800,0,0,0,0,0,0,0,0,0,0,0,0,0,0,8268,36.9,16.25,224,518.3,1111,8422.38
20191231,100900,0,0,0,0,0,0,0,0,0,0,0,0,0,0,8271,36.95,16.27,223.7,518.1,1112,8429.49
20191231,101000,0,0,0,0,0,0,0,0,0,0,0,0,0,0,8268,36.89,16.24,224.1,520.7,1126,8456.17
20191231,101100,0,0,0,0,0,0,0,0,0,0,0,0,0,0,8268,36.9,16.09,224.1,525,1144,8447.25
20191231,101200,0,0,0,0,0,0,0,0,0,0,0,0,0,0,4746,22.84,10.49,220.4,506.4,573,5312.14
20191231,101300,0,0,0,0,0,0,0,0,0,0,0,0,0,0,4830,22.46,10.51,220.1,491.5,570,5165.66
20191231,101400,0,0,0,0,0,0,0,0,0,0,0,0,0,0,2837,13.02,5.93,217.7,483.3,356,2865.97
20191231,101500,0,0,0,0,0,0,0,0,0,0,0,0,0,0,2886,13.26,6.01,217.8,488.7,354,2937.09
20191231,101600,0,0,0,0,0,0,0,0,0,0,0,0,0,0,3015,13.81,6.15,218,494.1,362,3038.72
20191231,101700,0,0,0,0,0,0,0,0,0,0,0,0,0,0,2987,13.73,6.09,217.7,496.2,356,3021.86
20191231,101800,0,0,0,0,0,0,0,0,0,0,0,0,0,0,3042,13.99,6.08,217.7,505.1,357,3071.01
20191231,101900,0,0,0,0,0,0,0,0,0,0,0,0,0,0,3084,14.16,6.21,217.9,508,360,3154.68
20191231,102000,0,0,0,0,0,0,0,0,0,0,0,0,0,0,3162,14.5,6.27,217.9,514.2,365,3224.03
20191231,102100,0,0,0,0,0,0,0,0,0,0,0,0,0,0,3093,14.17,6.12,218,509.9,356,3120.59
20191231,102200,0,0,0,0,0,0,0,0,0,0,0,0,0,0,3003,13.78,5.9,217.7,518.3,344,3057.97
20191231,102300,0,0,0,0,0,0,0,0,0,0,0,0,0,0,2845,13.08,5.6,217.6,514.9,325,2883.44
20191231,102400,0,0,0,0,0,0,0,0,0,0,0,0,0,0,2715,12.47,5.33,217.4,519.1,309,2766.8
20191231,102500,0,0,0,0,0,0,0,0,0,0,0,0,0,0,2536,11.63,4.95,217.4,515.2,287,2550.24
20191231,102600,0,0,0,0,0,0,0,0,0,0,0,0,0,0,2310,10.67,4.56,216.8,518.1,263,2362.54
20191231,102700,0,0,0,0,0,0,0,0,0,0,0,0,0,0,2202,10.16,4.31,216.7,516.8,249,2227.41
20191231,102800,0,0,0,0,0,0,0,0,0,0,0,0,0,0,2127,9.79,4.19,216.7,516.3,240,2163.3
20191231,102900,0,0,0,0,0,0,0,0,0,0,0,0,0,0,1944,8.98,3.79,216.6,520.5,219,1972.69
20191231,103000,0,0,0,0,0,0,0,0,0,0,0,0,0,0,1758,8.13,3.44,216.3,521.1,199,1792.58
20191231,103100,0,0,0,0,0,0,0,0,0,0,0,0,0,0,1614,7.48,3.17,216,521.9,184,1654.42
20191231,103200,0,0,0,0,0,0,0,0,0,0,0,0,0,0,1542,7.14,3,216.1,523.1,175,1569.3
20191231,103300,0,0,0,0,0,0,0,0,0,0,0,0,0,0,1479,6.84,2.9,216,520.3,167,1508.87
20191231,103400,0,0,0,0,0,0,0,0,0,0,0,0,0,0,1434,6.65,2.81,215.9,520,162,1461.2
20191231,103500,0,0,0,0,0,0,0,0,0,0,0,0,0,0,1455,6.76,2.81,215.8,527.7,164,1482.84
20191231,103600,0,0,0,0,0,0,0,0,0,0,0,0,0,0,1532,7.1,2.98,216.1,524.7,172,1563.61
20191231,103700,0,0,0,0,0,0,0,0,0,0,0,0,0,0,1572,7.29,3.01,215.9,531.8,175,1600.72
20191231,103800,0,0,0,0,0,0,0,0,0,0,0,0,0,0,1575,7.3,3.03,216,531.2,172,1609.54
20191231,103900,0,0,0,0,0,0,0,0,0,0,0,0,0,0,1575,7.3,3.04,215.8,529.7,175,1610.29
20191231,104000,0,0,0,0,0,0,0,0,0,0,0,0,0,0,1578,7.32,3.02,215.8,533.7,173,1611.77
20191231,104100,0,0,0,0,0,0,0,0,0,0,0,0,0,0,1614,7.47,3.1,216.1,528.7,178,1638.97
20191231,104200,0,0,0,0,0,0,0,0,0,0,0,0,0,0,1634,7.58,3.14,216.2,533.7,181,1675.82
20191231,104300,0,0,0,0,0,0,0,0,0,0,0,0,0,0,1695,7.84,3.21,216.4,537.9,187,1726.66
20191231,104400,0,0,0,0,0,0,0,0,0,0,0,0,0,0,1745,8.08,3.33,216.2,533.6,193,1776.89
20191231,104500,0,0,0,0,0,0,0,0,0,0,0,0,0,0,1728,8,3.28,216.1,539.1,191,1768.25
20191231,104600,0,0,0,0,0,0,0,0,0,0,0,0,0,0,1350,6.51,3.25,215.7,411.8,190,1338.35
20191231,104700,0,0,0,0,0,0,0,0,0,0,0,0,0,0,1695,7.85,3.23,216,533.7,190,1723.85
20191231,104800,0,0,0,0,0,0,0,0,0,0,0,0,0,0,1687,7.81,3.2,216.1,538.3,187,1722.56
20191231,104900,0,0,0,0,0,0,0,0,0,0,0,0,0,0,1695,7.84,3.22,215.9,533.6,188,1718.19
20191231,105000,0,0,0,0,0,0,0,0,0,0,0,0,0,0,1656,7.69,3.16,216,538.3,185,1701.03
20191231,105100,0,0,0,0,0,0,0,0,0,0,0,0,0,0,1628,7.54,3.07,216,538.8,181,1654.12
20191231,105200,0,0,0,0,0,0,0,0,0,0,0,0,0,0,1560,7.23,2.93,215.8,543.5,175,1592.46
20191231,105300,0,0,0,0,0,0,0,0,0,0,0,0,0,0,1494,6.92,2.8,215.9,542.9,167,1520.12
20191231,105400,0,0,0,0,0,0,0,0,0,0,0,0,0,0,1449,6.72,2.74,215.7,539.7,162,1478.78
20191231,105500,0,0,0,0,0,0,0,0,0,0,0,0,0,0,1455,6.75,2.72,215.9,548.9,164,1493.01
20191231,105600,0,0,0,0,0,0,0,0,0,0,0,0,0,0,1434,6.64,2.66,216,551.3,162,1466.46
20191231,105700,0,0,0,0,0,0,0,0,0,0,0,0,0,0,1395,6.5,2.65,215.8,539.9,159,1430.73
20191231,105800,0,0,0,0,0,0,0,0,0,0,0,0,0,0,1389,6.45,2.68,215.8,529.3,158,1418.52
20191231,105900,0,0,0,0,0,0,0,0,0,0,0,0,0,0,1392,6.46,2.65,215.9,538.9,158,1428.08
20191231,110000,0,0,0,0,0,0,0,0,0,0,0,0,0,0,1407,6.52,2.54,215.9,563.7,158,1431.8
20191231,110100,0,0,0,0,0,0,0,0,0,0,0,0,0,0,1374,6.4,2.48,216.2,574,155,1423.52
20191231,110200,0,0,0,0,0,0,0,0,0,0,0,0,0,0,1377,6.38,2.48,216.2,564.2,153,1399.22
20191231,110300,0,0,0,0,0,0,0,0,0,0,0,0,0,0,1371,6.35,2.51,216.3,561.2,152,1408.61
20191231,110400,0,0,0,0,0,0,0,0,0,0,0,0,0,0,1362,6.3,2.47,216.2,561.9,152,1387.89
20191231,110500,0,0,0,0,0,0,0,0,0,0,0,0,0,0,1380,6.38,2.47,216.4,565.2,155,1396.04
20191231,110600,0,0,0,0,0,0,0,0,0,0,0,0,0,0,1411,6.53,2.56,216.4,566.5,158,1450.24
20191231,110700,0,0,0,0,0,0,0,0,0,0,0,0,0,0,1404,6.5,2.65,216.5,543.4,158,1440.01
20191231,110800,0,0,0,0,0,0,0,0,0,0,0,0,0,0,1402,6.48,2.64,216.5,539.9,159,1425.34
20191231,110900,0,0,0,0,0,0,0,0,0,0,0,0,0,0,1422,6.57,2.67,216.6,540.5,161,1443.13
20191231,111000,0,0,0,0,0,0,0,0,0,0,0,0,0,0,1452,6.72,2.73,216.6,541.5,164,1478.3
20191231,111100,0,0,0,0,0,0,0,0,0,0,0,0,0,0,1485,6.84,2.81,216.9,540.1,167,1517.68
20191231,111200,0,0,0,0,0,0,0,0,0,0,0,0,0,0,1518,7,2.87,216.8,539.9,172,1549.51
20191231,111300,0,0,0,0,0,0,0,0,0,0,0,0,0,0,1533,7.07,2.84,216.9,545.9,173,1550.36
20191231,111400,0,0,0,0,0,0,0,0,0,0,0,0,0,0,1542,7.12,2.89,216.8,545.7,173,1577.07
20191231,111500,0,0,0,0,0,0,0,0,0,0,0,0,0,0,1494,6.91,2.8,216.7,545,168,1526
20191231,111600,0,0,0,0,0,0,0,0,0,0,0,0,0,0,1410,6.5,2.62,216.8,548.2,156,1436.28
20191231,111700,0,0,0,0,0,0,0,0,0,0,0,0,0,0,1335,6.16,2.33,216.7,580.3,152,1352.1
20191231,111800,0,0,0,0,0,0,0,0,0,0,0,0,0,0,1311,6.05,2.34,216.9,567.8,141,1328.65
20191231,111900,0,0,0,0,0,0,0,0,0,0,0,0,0,0,1314,6.07,2.35,216.8,572.9,146,1346.32
20191231,112000,0,0,0,0,0,0,0,0,0,0,0,0,0,0,1329,6.13,2.35,217,573.3,147,1347.25
20191231,112100,0,0,0,0,0,0,0,0,0,0,0,0,0,0,1347,6.23,2.42,216.7,569.9,149,1379.16
20191231,112200,0,0,0,0,0,0,0,0,0,0,0,0,0,0,1344,6.21,2.4,216.7,571.9,147,1372.56
20191231,112300,0,0,0,0,0,0,0,0,0,0,0,0,0,0,1305,6.02,2.34,216.8,567.8,143,1328.65
20191231,112400,0,0,0,0,0,0,0,0,0,0,0,0,0,0,1218,5.63,2.19,217,568.3,133,1244.58
20191231,112500,0,0,0,0,0,0,0,0,0,0,0,0,0,0,1173,5.41,2.13,216.9,564.7,129,1202.81
20191231,112600,0,0,0,0,0,0,0,0,0,0,0,0,0,0,1148,5.29,2.07,217,566.6,124,1172.86
20191231,112700,0,0,0,0,0,0,0,0,0,0,0,0,0,0,1146,5.29,2.07,216.8,567.9,124,1175.55
20191231,112800,0,0,0,0,0,0,0,0,0,0,0,0,0,0,1164,5.36,2.11,217,567.2,124,1196.79
20191231,112900,0,0,0,0,0,0,0,0,0,0,0,0,0,0,1182,5.45,2.14,216.9,563,127,1204.82
20191231,113000,0,0,0,0,0,0,0,0,0,0,0,0,0,0,1164,5.37,2.1,217.1,563,124,1182.3
20191231,113100,0,0,0,0,0,0,0,0,0,0,0,0,0,0,1154,5.33,2.1,216.9,566.1,124,1188.81
20191231,113200,0,0,0,0,0,0,0,0,0,0,0,0,0,0,1149,5.3,2.08,217.1,564.5,124,1174.16
20191231,113300,0,0,0,0,0,0,0,0,0,0,0,0,0,0,1117,5.16,2.01,216.9,565.3,120,1136.25
20191231,113400,0,0,0,0,0,0,0,0,0,0,0,0,0,0,1095,5.05,1.99,217.1,558.7,118,1111.81
20191231,113500,0,0,0,0,0,0,0,0,0,0,0,0,0,0,1089,5.01,1.98,217.6,559.2,118,1107.22
20191231,113600,0,0,0,0,0,0,0,0,0,0,0,0,0,0,1083,4.98,1.99,217.6,559.7,117,1113.8
20191231,113700,0,0,0,0,0,0,0,0,0,0,0,0,0,0,1068,4.92,1.95,217.6,560.6,115,1093.17
20191231,113800,0,0,0,0,0,0,0,0,0,0,0,0,0,0,1086,5,1.97,217.4,560.1,118,1103.4
20191231,113900,0,0,0,0,0,0,0,0,0,0,0,0,0,0,1089,5.02,2,217.5,561.2,118,1122.4
20191231,114000,0,0,0,0,0,0,0,0,0,0,0,0,0,0,1087,5,1.99,217.5,560.5,118,1115.39
20191231,114100,0,0,0,0,0,0,0,0,0,0,0,0,0,0,1085,5,1.97,217.6,562.2,118,1107.53
20191231,114200,0,0,0,0,0,0,0,0,0,0,0,0,0,0,1101,5.07,2.02,217.6,559.3,121,1129.79
20191231,114300,0,0,0,0,0,0,0,0,0,0,0,0,0,0,1136,5.23,2.08,217.4,563.6,123,1172.29
20191231,114400,0,0,0,0,0,0,0,0,0,0,0,0,0,0,1184,5.45,2.15,217.6,559,129,1201.85
20191231,114500,0,0,0,0,0,0,0,0,0,0,0,0,0,0,1221,5.62,2.24,218,561.8,133,1258.43
20191231,114600,0,0,0,0,0,0,0,0,0,0,0,0,0,0,1254,5.77,2.28,217.7,561,137,1279.08
20191231,114700,0,0,0,0,0,0,0,0,0,0,0,0,0,0,648,3.04,1.02,217.3,638,135,650.76
20191231,114800,0,0,0,0,0,0,0,0,0,0,0,0,0,0,672,3.01,1.06,217.3,640,141,678.4
20191231,114900,0,0,0,0,0,0,0,0,0,0,0,0,0,0,660,3.03,1.12,217.3,642,146,719.04
20191231,115000,0,0,0,0,0,0,0,0,0,0,0,0,0,0,669,3.09,1.09,217.3,643.6,152,701.52
20191231,115100,0,0,0,0,0,0,0,0,0,0,0,0,0,0,670,3.13,1.03,217.5,644.9,158,664.25
20191231,115200,0,0,0,0,0,0,0,0,0,0,0,0,0,0,708,3.23,1.08,217.5,642.4,153,693.79
20191231,115300,0,0,0,0,0,0,0,0,0,0,0,0,0,0,684,3.03,1.02,217.5,643.1,152,655.96
20191231,115400,0,0,0,0,0,0,0,0,0,0,0,0,0,0,663,3.11,1,217.3,642.7,152,642.7
20191231,115500,0,0,0,0,0,0,0,0,0,0,0,0,0,0,689,3.14,1.08,217.3,642.1,150,693.47
20191231,115600,0,0,0,0,0,0,0,0,0,0,0,0,0,0,702,3.27,1.18,217.6,640.4,147,755.67
20191231,115700,0,0,0,0,0,0,0,0,0,0,0,0,0,0,690,3.25,1.14,217.6,640.9,149,730.63
20191231,115800,0,0,0,0,0,0,0,0,0,0,0,0,0,0,678,3.1,1.13,217.7,643.7,150,727.38
20191231,115900,0,0,0,0,0,0,0,0,0,0,0,0,0,0,717,3.31,1.17,217.6,642.4,155,751.61
20191231,120000,0,0,0,0,0,0,0,0,0,0,0,0,0,0,696,3.2,1.08,217.2,644,156,695.52
20191231,120100,0,0,0,0,0,0,0,0,0,0,0,0,0,0,702,3.25,1.09,217.8,643.9,161,701.85
20191231,120200,0,0,0,0,0,0,0,0,0,0,0,0,0,0,714,3.3,1.08,217.9,644.3,167,695.84
20191231,120300,0,0,0,0,0,0,0,0,0,0,0,0,0,0,687,3.3,1.11,217.8,646,170,717.06
20191231,120400,0,0,0,0,0,0,0,0,0,0,0,0,0,0,1149,5.28,1.99,218,631,173,1255.69
20191231,120500,0,0,0,0,0,0,0,0,0,0,0,0,0,0,1671,7.64,3.01,218.9,568.2,179,1710.28
20191231,120600,0,0,0,0,0,0,0,0,0,0,0,0,0,0,1473,6.8,2.41,218.9,610.7,182,1471.79
20191231,120700,0,0,0,0,0,0,0,0,0,0,0,0,0,0,1455,6.65,2.45,218.8,617.8,185,1513.61
20191231,120800,0,0,0,0,0,0,0,0,0,0,0,0,0,0,1467,6.69,2.4,218.8,620.3,190,1488.72
20191231,120900,0,0,0,0,0,0,0,0,0,0,0,0,0,0,1467,6.71,2.41,218.6,623.1,197,1501.67
20191231,121000,0,0,0,0,0,0,0,0,0,0,0,0,0,0,1488,6.77,2.46,218.6,624.2,200,1535.53
20191231,121100,0,0,0,0,0,0,0,0,0,0,0,0,0,0,1461,6.72,2.45,218.6,626.6,210,1535.17
20191231,121200,0,0,0,0,0,0,0,0,0,0,0,0,0,0,1473,6.73,2.42,218.8,628.9,211,1521.94
20191231,121300,0,0,0,0,0,0,0,0,0,0,0,0,0,0,1491,6.78,2.37,218.8,629.8,217,1492.63
20191231,121400,0,0,0,0,0,0,0,0,0,0,0,0,0,0,1482,6.75,2.4,218.5,630.8,222,1513.92
20191231,121500,0,0,0,0,0,0,0,0,0,0,0,0,0,0,1491,6.83,2.44,218.7,630,226,1537.2
20191231,121600,0,0,0,0,0,0,0,0,0,0,0,0,0,0,1467,6.72,2.37,218.8,630.2,228,1493.57
20191231,121700,0,0,0,0,0,0,0,0,0,0,0,0,0,0,1799,8.43,3.11,219.3,610.9,229,1899.9
20191231,121800,0,0,0,0,0,0,0,0,0,0,0,0,0,0,2160,9.85,3.91,219.5,561,231,2193.51
20191231,121900,0,0,0,0,0,0,0,0,0,0,0,0,0,0,2184,9.88,3.79,219.8,578.3,235,2191.76
20191231,122000,0,0,0,0,0,0,0,0,0,0,0,0,0,0,2151,9.8,3.92,219.6,560.7,235,2197.94
20191231,122100,0,0,0,0,0,0,0,0,0,0,0,0,0,0,2082,9.49,3.8,219.3,559.3,228,2125.34
20191231,122200,0,0,0,0,0,0,0,0,0,0,0,0,0,0,1992,9.1,3.66,219.1,551,220,2016.66
20191231,122300,0,0,0,0,0,0,0,0,0,0,0,0,0,0,1778,8.13,3.27,219,555.6,194,1816.81
20191231,122400,0,0,0,0,0,0,0,0,0,0,0,0,0,0,1437,6.54,2.67,218.3,541.3,164,1445.27
20191231,122500,0,0,0,0,0,0,0,0,0,0,0,0,0,0,1143,5.21,2.12,218,542,130,1149.04
20191231,122600,0,0,0,0,0,0,0,0,0,0,0,0,0,0,936,4.24,1.67,217.6,563.6,109,941.21
20191231,122700,0,0,0,0,0,0,0,0,0,0,0,0,0,0,870,3.99,1.66,217.9,540.8,98,897.73
20191231,122800,0,0,0,0,0,0,0,0,0,0,0,0,0,0,834,3.83,1.59,217.8,539.5,95,857.81
20191231,122900,0,0,0,0,0,0,0,0,0,0,0,0,0,0,789,3.63,1.54,217.9,520.3,94,801.26
20191231,123000,0,0,0,0,0,0,0,0,0,0,0,0,0,0,819,3.75,1.55,217.7,547.1,97,848.01
20191231,123100,0,0,0,0,0,0,0,0,0,0,0,0,0,0,891,4.11,1.72,218,535.4,105,920.89
20191231,123200,0,0,0,0,0,0,0,0,0,0,0,0,0,0,981,4.52,1.87,218,541.1,114,1011.86
20191231,123300,0,0,0,0,0,0,0,0,0,0,0,0,0,0,1119,5.15,2.13,218.1,543.6,126,1157.87
20191231,123400,0,0,0,0,0,0,0,0,0,0,0,0,0,0,1260,5.8,2.38,218.2,546.3,140,1300.19
20191231,123500,0,0,0,0,0,0,0,0,0,0,0,0,0,0,1460,6.71,2.67,218.8,556.3,158,1485.32
20191231,123600,0,0,0,0,0,0,0,0,0,0,0,0,0,0,1518,7.01,2.75,219,568.2,170,1562.55
20191231,123700,0,0,0,0,0,0,0,0,0,0,0,0,0,0,1578,7.21,2.9,218.9,550.8,176,1597.32
20191231,123800,0,0,0,0,0,0,0,0,0,0,0,0,0,0,1536,7.03,2.79,218.8,559.8,167,1561.84
20191231,123900,0,0,0,0,0,0,0,0,0,0,0,0,0,0,1404,6.43,2.58,218.9,552.2,153,1424.68
20191231,124000,0,0,0,0,0,0,0,0,0,0,0,0,0,0,1314,6.01,2.43,218.9,550.8,143,1338.44
20191231,124100,0,0,0,0,0,0,0,0,0,0,0,0,0,0,1341,6.15,2.49,218.8,555.4,146,1382.95
20191231,124200,0,0,0,0,0,0,0,0,0,0,0,0,0,0,1455,6.7,2.67,218.4,559.9,158,1494.93
20191231,124300,0,0,0,0,0,0,0,0,0,0,0,0,0,0,1721,7.86,3.15,219.3,555.5,187,1749.83
20191231,124400,0,0,0,0,0,0,0,0,0,0,0,0,0,0,1751,7.98,3.19,219.5,556.5,190,1775.23
20191231,124500,0,0,0,0,0,0,0,0,0,0,0,0,0,0,1710,7.8,3.13,219.5,559.6,185,1751.55
20191231,124600,0,0,0,0,0,0,0,0,0,0,0,0,0,0,1710,7.8,3.11,219.5,557.4,187,1733.51
20191231,124700,0,0,0,0,0,0,0,0,0,0,0,0,0,0,1719,7.83,3.15,219.6,558.5,187,1759.27
20191231,124800,0,0,0,0,0,0,0,0,0,0,0,0,0,0,1672,7.63,3.04,219.4,559.2,182,1699.97
20191231,124900,0,0,0,0,0,0,0,0,0,0,0,0,0,0,1578,7.2,2.89,219,556.6,173,1608.57
20191231,125000,0,0,0,0,0,0,0,0,0,0,0,0,0,0,1498,6.84,2.73,219.2,560.3,164,1529.62
20191231,125100,0,0,0,0,0,0,0,0,0,0,0,0,0,0,1437,6.56,2.66,219,552.7,158,1470.18
20191231,125200,0,0,0,0,0,0,0,0,0,0,0,0,0,0,1386,6.34,2.56,219,554.2,152,1418.75
20191231,125300,0,0,0,0,0,0,0,0,0,0,0,0,0,0,1346,6.16,2.49,218.8,551.4,147,1372.99
20191231,125400,0,0,0,0,0,0,0,0,0,0,0,0,0,0,1302,5.95,2.41,219.1,555.5,144,1338.76
20191231,125500,0,0,0,0,0,0,0,0,0,0,0,0,0,0,1269,5.8,2.34,219.1,551.1,140,1289.57
20191231,125600,0,0,0,0,0,0,0,0,0,0,0,0,0,0,1302,5.95,2.42,219.2,554.4,143,1341.65
20191231,125700,0,0,0,0,0,0,0,0,0,0,0,0,0,0,1338,6.12,2.46,219.1,552.8,146,1359.89
20191231,125800,0,0,0,0,0,0,0,0,0,0,0,0,0,0,1392,6.37,2.56,219.5,560.5,152,1434.88
20191231,125900,0,0,0,0,0,0,0,0,0,0,0,0,0,0,1440,6.57,2.64,219.4,560.8,158,1480.51
20191231,130000,0,0,0,0,0,0,0,0,0,0,0,0,0,0,1586,7.23,2.92,219.5,557,172,1626.44
20191231,130100,0,0,0,0,0,0,0,0,0,0,0,0,0,0,1691,7.71,3.06,219.4,564.4,182,1727.06
20191231,130200,0,0,0,0,0,0,0,0,0,0,0,0,0,0,1781,8.11,3.22,219.7,559.6,191,1801.91
20191231,130300,0,0,0,0,0,0,0,0,0,0,0,0,0,0,1848,8.42,3.36,219.7,564.1,199,1895.38
20191231,130400,0,0,0,0,0,0,0,0,0,0,0,0,0,0,1863,8.49,3.36,219.7,561.2,202,1885.63
20191231,130500,0,0,0,0,0,0,0,0,0,0,0,0,0,0,1857,8.45,3.38,219.8,561.8,202,1898.88
20191231,130600,0,0,0,0,0,0,0,0,0,0,0,0,0,0,1830,8.33,3.29,219.8,563.3,197,1853.26
20191231,130700,0,0,0,0,0,0,0,0,0,0,0,0,0,0,1785,8.13,3.24,219.8,560.1,193,1814.72
20191231,130800,0,0,0,0,0,0,0,0,0,0,0,0,0,0,1722,7.85,3.16,219.5,555.6,184,1755.7
20191231,130900,0,0,0,0,0,0,0,0,0,0,0,0,0,0,1652,7.53,3.03,219.7,556.8,179,1687.1
20191231,131000,0,0,0,0,0,0,0,0,0,0,0,0,0,0,1627,7.42,2.97,219.7,558.7,176,1659.34
20191231,131100,0,0,0,0,0,0,0,0,0,0,0,0,0,0,1659,7.55,3.03,219.8,554.3,179,1679.53
20191231,131200,0,0,0,0,0,0,0,0,0,0,0,0,0,0,1728,7.89,3.14,219.6,559.3,187,1756.2
20191231,131300,0,0,0,0,0,0,0,0,0,0,0,0,0,0,1818,8.29,3.3,219.9,563.7,196,1860.21
20191231,131400,0,0,0,0,0,0,0,0,0,0,0,0,0,0,1884,8.59,3.41,219.9,559.5,202,1907.89
20191231,131500,0,0,0,0,0,0,0,0,0,0,0,0,0,0,1947,8.86,3.55,220,560.1,208,1988.36
20191231,131600,0,0,0,0,0,0,0,0,0,0,0,0,0,0,2007,9.14,3.65,219.8,561.9,216,2050.94
20191231,131700,0,0,0,0,0,0,0,0,0,0,0,0,0,0,2053,9.34,3.71,220.2,562.1,220,2085.39
20191231,131800,0,0,0,0,0,0,0,0,0,0,0,0,0,0,2067,9.4,3.76,220.1,559.6,222,2104.1
20191231,131900,0,0,0,0,0,0,0,0,0,0,0,0,0,0,2075,9.44,3.76,220.1,564,223,2120.64
20191231,132000,0,0,0,0,0,0,0,0,0,0,0,0,0,0,2085,9.48,3.77,220.1,559.7,225,2110.07
20191231,132100,0,0,0,0,0,0,0,0,0,0,0,0,0,0,2094,9.52,3.76,220.2,564.6,225,2122.9
20191231,132200,0,0,0,0,0,0,0,0,0,0,0,0,0,0,2107,9.58,3.81,220.1,561.4,228,2138.93
20191231,132300,0,0,0,0,0,0,0,0,0,0,0,0,0,0,2127,9.68,3.84,220,561.2,229,2155.01
20191231,132400,0,0,0,0,0,0,0,0,0,0,0,0,0,0,2136,9.7,3.86,220.3,559.2,231,2158.51
20191231,132500,0,0,0,0,0,0,0,0,0,0,0,0,0,0,2133,9.69,3.86,220.2,564.4,231,2178.58
20191231,132600,0,0,0,0,0,0,0,0,0,0,0,0,0,0,2116,9.63,3.86,220.1,556.2,231,2146.93
20191231,132700,0,0,0,0,0,0,0,0,0,0,0,0,0,0,2091,9.5,3.8,220,561,226,2131.8
20191231,132800,0,0,0,0,0,0,0,0,0,0,0,0,0,0,2058,9.36,3.76,220,559.9,223,2105.22
20191231,132900,0,0,0,0,0,0,0,0,0,0,0,0,0,0,2076,9.44,3.77,220.1,557.4,223,2101.4
20191231,133000,0,0,0,0,0,0,0,0,0,0,0,0,0,0,2130,9.69,3.89,220.1,558.5,231,2172.56
20191231,133100,0,0,0,0,0,0,0,0,0,0,0,0,0,0,2199,7.64,3.66,219.5,430.5,235,1575.63
20191231,133200,0,0,0,0,0,0,0,0,0,0,0,0,0,0,2255,10.24,4.11,220.3,562.2,245,2310.64
20191231,133300,0,0,0,0,0,0,0,0,0,0,0,0,0,0,2293,10.41,4.16,220.3,559.3,248,2326.69
20191231,133400,0,0,0,0,0,0,0,0,0,0,0,0,0,0,2307,10.47,4.17,220.2,563.2,248,2348.54
20191231,133500,0,0,0,0,0,0,0,0,0,0,0,0,0,0,2289,10.42,4.14,220.2,558.3,248,2311.36
20191231,133600,0,0,0,0,0,0,0,0,0,0,0,0,0,0,2268,10.3,4.12,220.2,562.2,245,2316.26
20191231,133700,0,0,0,0,0,0,0,0,0,0,0,0,0,0,2249,10.21,4.05,220.3,560.6,243,2270.43
20191231,133800,0,0,0,0,0,0,0,0,0,0,0,0,0,0,2269,10.32,4.13,220.3,560.1,245,2313.21
20191231,133900,0,0,0,0,0,0,0,0,0,0,0,0,0,0,2331,10.57,4.2,220.7,558.9,251,2347.38
20191231,134000,0,0,0,0,0,0,0,0,0,0,0,0,0,0,2417,10.95,4.36,220.8,563,260,2454.68
20191231,134100,0,0,0,0,0,0,0,0,0,0,0,0,0,0,2484,11.24,4.5,221,558.9,267,2515.05
20191231,134200,0,0,0,0,0,0,0,0,0,0,0,0,0,0,2525,11.45,4.57,220.7,558.3,272,2551.43
20191231,134300,0,0,0,0,0,0,0,0,0,0,0,0,0,0,2559,11.59,4.66,221,563.5,275,2625.91
20191231,134400,0,0,0,0,0,0,0,0,0,0,0,0,0,0,2623,11.88,4.73,221.1,559.7,281,2647.38
20191231,134500,0,0,0,0,0,0,0,0,0,0,0,0,0,0,2709,12.28,4.93,221,560.3,292,2762.28
20191231,134600,0,0,0,0,0,0,0,0,0,0,0,0,0,0,2823,12.81,5.1,220.9,562.4,302,2868.24
20191231,134700,0,0,0,0,0,0,0,0,0,0,0,0,0,0,2985,13.49,5.44,221.3,563,319,3062.72
20191231,134800,0,0,0,0,0,0,0,0,0,0,0,0,0,0,3339,15.07,6.06,221.8,558.3,354,3383.3
20191231,134900,0,0,0,0,0,0,0,0,0,0,0,0,0,0,3465,15.65,6.29,221.7,563.3,369,3543.16
20191231,135000,0,0,0,0,0,0,0,0,0,0,0,0,0,0,5991,26.7,10.83,224.2,567.5,625,6146.02
20191231,135100,0,0,0,0,0,0,0,0,0,0,0,0,0,0,8268,36.4,14.16,227,590.8,943,8365.73
20191231,135200,0,0,0,0,0,0,0,0,0,0,0,0,0,0,8268,36.43,13.59,226.9,618.4,1100,8404.06
20191231,135300,0,0,0,0,0,0,0,0,0,0,0,0,0,0,8268,36.43,13.73,226.9,612.3,1118,8406.88
20191231,135400,0,0,0,0,0,0,0,0,0,0,0,0,0,0,8270,36.47,13.98,226.7,600.9,1085,8400.58
20191231,135500,0,0,0,0,0,0,0,0,0,0,0,0,0,0,8265,36.44,14.15,226.8,597.8,1132,8458.87
20191231,135600,0,0,0,0,0,0,0,0,0,0,0,0,0,0,8265,36.42,14.2,226.9,590.7,1131,8387.94
20191231,135700,0,0,0,0,0,0,0,0,0,0,0,0,0,0,8267,36.43,14.42,226.8,584.3,1128,8425.61
20191231,135800,0,0,0,0,0,0,0,0,0,0,0,0,0,0,8268,36.49,14.46,226.6,580.3,1141,8391.14
20191231,135900,0,0,0,0,0,0,0,0,0,0,0,0,0,0,8267,36.48,14.52,226.5,578.1,1152,8394.01
20191231,140000,0,0,0,0,0,0,0,0,0,0,0,0,0,0,8268,36.48,14.85,226.5,568.8,1117,8446.68
20191231,140100,0,0,0,0,0,0,0,0,0,0,0,0,0,0,8258,36.49,14.92,226.2,563.4,1103,8405.93
20191231,140200,0,0,0,0,0,0,0,0,0,0,0,0,0,0,8268,36.51,15.03,226.3,559.7,1100,8412.29
20191231,140300,0,0,0,0,0,0,0,0,0,0,0,0,0,0,8263,36.49,15.19,226.4,551.7,1086,8380.32
20191231,140400,0,0,0,0,0,0,0,0,0,0,0,0,0,0,8264,36.39,15.88,226.4,532.4,1026,8454.51
20191231,140500,0,0,0,0,0,0,0,0,0,0,0,0,0,0,6084,27.13,12.02,224,508.4,724,6110.97
20191231,140600,0,0,0,0,0,0,0,0,0,0,0,0,0,0,5154,23.1,10.19,223,511.5,615,5212.18
20191231,140700,0,0,0,0,0,0,0,0,0,0,0,0,0,0,7650,33.94,15.42,226,508.5,930,7841.07
20191231,140800,0,0,0,0,0,0,0,0,0,0,0,0,0,0,7287,31.99,14.28,225.6,510.6,854,7291.37
20191231,140900,0,0,0,0,0,0,0,0,0,0,0,0,0,0,6690,29.51,12.92,224.8,518.5,782,6699.02
20191231,141000,0,0,0,0,0,0,0,0,0,0,0,0,0,0,6132,27.34,12.33,224.2,521,703,6423.93
20191231,141100,0,0,0,0,0,0,0,0,0,0,0,0,0,0,8265,36.46,14.68,226.6,570.7,1103,8377.88
20191231,141200,0,0,0,0,0,0,0,0,0,0,0,0,0,0,8268,36.49,14.99,226.6,561.8,1074,8421.38
20191231,141300,0,0,0,0,0,0,0,0,0,0,0,0,0,0,8270,36.5,15.26,226.4,552.2,1027,8426.57
20191231,141400,0,0,0,0,0,0,0,0,0,0,0,0,0,0,7248,32.17,14.28,225.2,514.1,834,7341.35
20191231,141500,0,0,0,0,0,0,0,0,0,0,0,0,0,0,5070,22.74,9.89,222.9,525.4,605,5196.21
20191231,141600,0,0,0,0,0,0,0,0,0,0,0,0,0,0,3729,16.62,7.21,221.4,515.5,426,3716.76
20191231,141700,0,0,0,0,0,0,0,0,0,0,0,0,0,0,3204,14.47,6.14,220.7,526,366,3229.64
20191231,141800,0,0,0,0,0,0,0,0,0,0,0,0,0,0,3039,13.74,5.8,220.5,530.7,347,3078.06
20191231,141900,0,0,0,0,0,0,0,0,0,0,0,0,0,0,2979,13.51,5.59,220.6,539.2,337,3014.13
20191231,142000,0,0,0,0,0,0,0,0,0,0,0,0,0,0,2853,12.95,5.35,220.6,540.3,324,2890.6
20191231,142100,0,0,0,0,0,0,0,0,0,0,0,0,0,0,2724,12.38,5.03,220.3,548.4,309,2758.45
20191231,142200,0,0,0,0,0,0,0,0,0,0,0,0,0,0,2667,12.12,4.92,220.2,554.6,301,2728.63
20191231,142300,0,0,0,0,0,0,0,0,0,0,0,0,0,0,2679,12.15,4.89,220.4,555.3,301,2715.42
20191231,142400,0,0,0,0,0,0,0,0,0,0,0,0,0,0,2703,12.27,4.92,220.5,560.6,302,2758.15
20191231,142500,0,0,0,0,0,0,0,0,0,0,0,0,0,0,2709,12.31,4.93,220.3,560.9,302,2765.24
20191231,142600,0,0,0,0,0,0,0,0,0,0,0,0,0,0,2730,12.39,4.92,220.5,563.3,302,2771.44
20191231,142700,0,0,0,0,0,0,0,0,0,0,0,0,0,0,2793,12.64,5.06,220.8,563.6,309,2851.82
20191231,142800,0,0,0,0,0,0,0,0,0,0,0,0,0,0,2846,12.91,5.13,220.7,566,315,2903.58
20191231,142900,0,0,0,0,0,0,0,0,0,0,0,0,0,0,2913,13.21,5.2,220.5,567.7,322,2952.04
20191231,143000,0,0,0,0,0,0,0,0,0,0,0,0,0,0,2982,13.5,5.35,220.8,564.5,330,3020.07
20191231,143100,0,0,0,0,0,0,0,0,0,0,0,0,0,0,3057,13.86,5.41,220.9,571.1,337,3089.65
20191231,143200,0,0,0,0,0,0,0,0,0,0,0,0,0,0,3186,14.45,5.69,220.9,571,350,3248.99
20191231,143300,0,0,0,0,0,0,0,0,0,0,0,0,0,0,3306,15,5.86,220.8,572.7,363,3356.02
20191231,143400,0,0,0,0,0,0,0,0,0,0,0,0,0,0,3435,15.53,6.1,221.3,573.5,376,3498.35
20191231,143500,0,0,0,0,0,0,0,0,0,0,0,0,0,0,2997,13.37,6.32,220.8,528.9,385,3342.65
20191231,143600,0,0,0,0,0,0,0,0,0,0,0,0,0,0,3468,15.68,6.46,221.4,545.2,380,3521.99
20191231,143700,0,0,0,0,0,0,0,0,0,0,0,0,0,0,3291,14.84,6.05,221.1,548.1,360,3316
20191231,143800,0,0,0,0,0,0,0,0,0,0,0,0,0,0,3138,14.19,5.82,221.2,544.2,347,3167.24
20191231,143900,0,0,0,0,0,0,0,0,0,0,0,0,0,0,2913,13.23,5.27,221,562.2,321,2962.79
20191231,144000,0,0,0,0,0,0,0,0,0,0,0,0,0,0,2484,11.15,4.52,220.5,549.9,270,2485.55
20191231,144100,0,0,0,0,0,0,0,0,0,0,0,0,0,0,2220,10.23,4.11,219.9,555.8,246,2284.34
20191231,144200,0,0,0,0,0,0,0,0,0,0,0,0,0,0,2178,9.9,3.99,219.9,555.8,239,2217.64
20191231,144300,0,0,0,0,0,0,0,0,0,0,0,0,0,0,2276,10.36,4.12,220,553.5,249,2280.42
20191231,144400,0,0,0,0,0,0,0,0,0,0,0,0,0,0,1842,8.41,3.43,219.6,544.5,203,1867.63
20191231,144500,0,0,0,0,0,0,0,0,0,0,0,0,0,0,1611,7.35,3.03,219.1,548.7,179,1662.56
20191231,144600,0,0,0,0,0,0,0,0,0,0,0,0,0,0,1437,6.57,2.69,219.1,543.4,161,1461.75
20191231,144700,0,0,0,0,0,0,0,0,0,0,0,0,0,0,1321,6.07,2.49,219.2,551.5,149,1373.24
20191231,144800,0,0,0,0,0,0,0,0,0,0,0,0,0,0,1371,6.2,2.5,219.3,548.2,152,1370.5
20191231,144900,0,0,0,0,0,0,0,0,0,0,0,0,0,0,1292,5.89,2.41,219.1,549.1,143,1323.33
20191231,145000,0,0,0,0,0,0,0,0,0,0,0,0,0,0,1335,6.09,2.48,219.3,547.9,149,1358.79
20191231,145100,0,0,0,0,0,0,0,0,0,0,0,0,0,0,1562,7.13,2.87,219.5,556.7,173,1597.73
20191231,145200,0,0,0,0,0,0,0,0,0,0,0,0,0,0,2271,10.31,4.1,220.2,565.2,245,2317.32
20191231,145300,0,0,0,0,0,0,0,0,0,0,0,0,0,0,1794,8.12,3.26,219.3,553.6,194,1804.74
20191231,145400,0,0,0,0,0,0,0,0,0,0,0,0,0,0,1220,5.5,2.22,218.7,546.6,137,1213.45
20191231,145500,0,0,0,0,0,0,0,0,0,0,0,0,0,0,987,4.56,1.86,218.4,552,114,1026.72
20191231,145600,0,0,0,0,0,0,0,0,0,0,0,0,0,0,1536,7.11,2.85,219,559.2,172,1593.72
20191231,145700,0,0,0,0,0,0,0,0,0,0,0,0,0,0,1986,9.12,3.63,219.5,566,214,2054.58
20191231,145800,0,0,0,0,0,0,0,0,0,0,0,0,0,0,2370,11.04,4.2,220.2,558.9,263,2347.38
20191231,145900,0,0,0,0,0,0,0,0,0,0,0,0,0,0,1938,8.83,3.56,219.6,560.2,210,1994.31
20191231,150000,0,0,0,0,0,0,0,0,0,0,0,0,0,0,2217,10.1,3.99,219.8,561.4,239,2239.99
20191231,150100,0,0,0,0,0,0,0,0,0,0,0,0,0,0,1887,8.6,3.44,219.6,560.7,205,1928.81
20191231,150200,0,0,0,0,0,0,0,0,0,0,0,0,0,0,2358,10.71,4.17,220.1,568.2,255,2369.39
20191231,150300,0,0,0,0,0,0,0,0,0,0,0,0,0,0,1182,5.33,2.17,218.8,547.6,130,1188.29
20191231,150400,0,0,0,0,0,0,0,0,0,0,0,0,0,0,1168,5.47,2.23,218.6,556.4,133,1240.77
20191231,150500,0,0,0,0,0,0,0,0,0,0,0,0,0,0,1634,7.5,2.97,219.2,565.6,179,1679.83
20191231,150600,0,0,0,0,0,0,0,0,0,0,0,0,0,0,1503,6.87,2.75,219,561.1,165,1543.03
20191231,150700,0,0,0,0,0,0,0,0,0,0,0,0,0,0,1860,8.62,3.29,219.4,589.4,217,1939.13
20191231,150800,0,0,0,0,0,0,0,0,0,0,0,0,0,0,4281,15.36,5.71,220.9,577.7,391,3298.67
20191231,150900,0,0,0,0,0,0,0,0,0,0,0,0,0,0,2493,11.34,4.35,220,579.2,274,2519.52
20191231,151000,0,0,0,0,0,0,0,0,0,0,0,0,0,0,3074,14.61,5.73,221.1,598,362,3426.54
20191231,151100,0,0,0,0,0,0,0,0,0,0,0,0,0,0,6468,28.63,11.58,224.6,559.5,689,6479.01
20191231,151200,0,0,0,0,0,0,0,0,0,0,0,0,0,0,5922,26.24,10.7,223.7,555.7,630,5945.99
20191231,151300,0,0,0,0,0,0,0,0,0,0,0,0,0,0,3981,17.77,7.17,221.8,550.6,429,3947.8
20191231,151400,0,0,0,0,0,0,0,0,0,0,0,0,0,0,3950,17.81,7.28,221.7,552,430,4018.56
20191231,151500,0,0,0,0,0,0,0,0,0,0,0,0,0,0,4146,18.68,7.57,222,552.3,439,4180.91
20191231,151600,0,0,0,0,0,0,0,0,0,0,0,0,0,0,3318,15.03,6.1,220.8,550.7,347,3359.27
20191231,151700,0,0,0,0,0,0,0,0,0,0,0,0,0,0,2124,9.55,3.9,219.7,543.6,229,2120.04
20191231,151800,0,0,0,0,0,0,0,0,0,0,0,0,0,0,1533,6.98,2.88,219,539.4,173,1553.47
20191231,151900,0,0,0,0,0,0,0,0,0,0,0,0,0,0,1326,6.04,2.45,218.8,547.6,152,1341.62
20191231,152000,0,0,0,0,0,0,0,0,0,0,0,0,0,0,1227,5.63,2.26,218.7,550.6,146,1244.36
20191231,152100,0,0,0,0,0,0,0,0,0,0,0,0,0,0,1236,5.66,2.31,218.9,552.2,143,1275.58
20191231,152200,0,0,0,0,0,0,0,0,0,0,0,0,0,0,1371,6.28,2.57,218.9,551,156,1416.07
20191231,152300,0,0,0,0,0,0,0,0,0,0,0,0,0,0,1878,8.57,3.46,219.4,553.5,207,1915.11
20191231,152400,0,0,0,0,0,0,0,0,0,0,0,0,0,0,3176,14.41,5.82,220.7,555.5,354,3233.01
20191231,152500,0,0,0,0,0,0,0,0,0,0,0,0,0,0,4293,19.34,7.93,222,546.7,464,4335.33
20191231,152600,0,0,0,0,0,0,0,0,0,0,0,0,0,0,5235,23.44,9.65,223.1,547.7,567,5285.3
20191231,152700,0,0,0,0,0,0,0,0,0,0,0,0,0,0,5079,22.72,9.55,222.9,539.3,557,5150.31
20191231,152800,0,0,0,0,0,0,0,0,0,0,0,0,0,0,4980,22.36,9.33,222.8,543.3,548,5068.99
20191231,152900,0,0,0,0,0,0,0,0,0,0,0,0,0,0,4800,21.44,8.8,223,548.4,538,4825.92
20191231,153000,0,0,0,0,0,0,0,0,0,0,0,0,0,0,4419,15.51,6.69,221.4,522.2,485,3493.52
20191231,153100,0,0,0,0,0,0,0,0,0,0,0,0,0,0,4629,20.79,8.87,222.7,528.5,525,4687.79
20191231,153200,0,0,0,0,0,0,0,0,0,0,0,0,0,0,4551,20.46,8.67,222.5,530.1,517,4595.97
20191231,153300,0,0,0,0,0,0,0,0,0,0,0,0,0,0,4428,19.9,8.34,222.3,540.3,509,4506.1
20191231,153400,0,0,0,0,0,0,0,0,0,0,0,0,0,0,4317,19.39,8.12,222.1,539.2,509,4378.3
20191231,153500,0,0,0,0,0,0,0,0,0,0,0,0,0,0,4137,18.63,7.64,222,544.3,506,4158.45
20191231,153600,0,0,0,0,0,0,0,0,0,0,0,0,0,0,4057,18.3,7.63,221.5,535.8,502,4088.15
20191231,153700,0,0,0,0,0,0,0,0,0,0,0,0,0,0,4058,18.3,8.48,221.6,487.5,497,4134
20191231,153800,0,0,0,0,0,0,0,0,0,0,0,0,0,0,4029,18.17,8.36,221.6,485.2,494,4056.27
20191231,153900,0,0,0,0,0,0,0,0,0,0,0,0,0,0,3954,17.84,7.77,221.6,518.5,488,4028.74
20191231,154000,0,0,0,0,0,0,0,0,0,0,0,0,0,0,3933,17.77,8.12,221.4,490,485,3978.8
20191231,154100,0,0,0,0,0,0,0,0,0,0,0,0,0,0,3845,17.39,7.73,221.2,500.3,482,3867.32
20191231,154200,0,0,0,0,0,0,0,0,0,0,0,0,0,0,3729,16.85,7.42,221.3,509.7,478,3781.97
20191231,154300,0,0,0,0,0,0,0,0,0,0,0,0,0,0,3594,16.19,7.02,221.2,519.9,474,3649.7
20191231,154400,0,0,0,0,0,0,0,0,0,0,0,0,0,0,3393,15.32,6.65,221,513.3,470,3413.44
20191231,154500,0,0,0,0,0,0,0,0,0,0,0,0,0,0,3210,14.54,6.28,220.5,519.3,459,3261.2
20191231,154600,0,0,0,0,0,0,0,0,0,0,0,0,0,0,3282,14.86,6.51,220.8,514.9,458,3352
20191231,154700,0,0,0,0,0,0,0,0,0,0,0,0,0,0,3260,14.76,6.45,220.9,510.3,450,3291.44
20191231,154800,0,0,0,0,0,0,0,0,0,0,0,0,0,0,3147,14.25,6.28,220.8,505.5,447,3174.54
20191231,154900,0,0,0,0,0,0,0,0,0,0,0,0,0,0,3038,13.74,6.12,220.5,508.2,444,3110.18
20191231,155000,0,0,0,0,0,0,0,0,0,0,0,0,0,0,3315,15.01,7.41,220.9,456.5,435,3382.66
20191231,155100,0,0,0,0,0,0,0,0,0,0,0,0,0,0,3303,14.93,7.24,220.7,464.9,435,3365.88
20191231,155200,0,0,0,0,0,0,0,0,0,0,0,0,0,0,3215,14.59,7.28,220.6,448.2,432,3262.9
20191231,155300,0,0,0,0,0,0,0,0,0,0,0,0,0,0,3072,13.89,7.07,220.1,443.6,411,3136.25
20191231,155400,0,0,0,0,0,0,0,0,0,0,0,0,0,0,2928,13.31,6.72,220.1,447.9,392,3009.89
20191231,155500,0,0,0,0,0,0,0,0,0,0,0,0,0,0,2886,13.11,6.31,220.2,460.9,394,2908.28
20191231,155600,0,0,0,0,0,0,0,0,0,0,0,0,0,0,2787,12.67,6.5,220,434.1,382,2821.65
20191231,155700,0,0,0,0,0,0,0,0,0,0,0,0,0,0,2934,13.32,6.81,220.2,435.3,397,2964.39
20191231,155800,0,0,0,0,0,0,0,0,0,0,0,0,0,0,2925,13.22,6.54,220.5,455.5,404,2978.97
20191231,155900,0,0,0,0,0,0,0,0,0,0,0,0,0,0,2532,11.38,5.09,220,495.1,400,2520.06
20191231,160000,0,0,0,0,0,0,0,0,0,0,0,0,0,0,2400,10.99,5.12,219.9,482.1,395,2468.35
20191231,160100,0,0,0,0,0,0,0,0,0,0,0,0,0,0,2337,10.65,4.83,219.6,480.2,392,2319.37
20191231,160200,0,0,0,0,0,0,0,0,0,0,0,0,0,0,2289,10.43,4.73,219.7,488.2,388,2309.19
20191231,160300,0,0,0,0,0,0,0,0,0,0,0,0,0,0,2212,10.07,4.56,219.4,491.9,385,2243.06
20191231,160400,0,0,0,0,0,0,0,0,0,0,0,0,0,0,2094,9.54,4.07,219.3,517.3,379,2105.41
20191231,160500,0,0,0,0,0,0,0,0,0,0,0,0,0,0,2067,9.43,4.17,218.8,505.9,374,2109.6
20191231,160600,0,0,0,0,0,0,0,0,0,0,0,0,0,0,2019,9.22,3.98,219,516.1,371,2054.08
20191231,160700,0,0,0,0,0,0,0,0,0,0,0,0,0,0,1998,9.13,3.91,219.1,521.2,366,2037.89
20191231,160800,0,0,0,0,0,0,0,0,0,0,0,0,0,0,2265,10.33,6.17,219.3,372.5,362,2298.32
20191231,160900,0,0,0,0,0,0,0,0,0,0,0,0,0,0,2238,10.22,6.18,219.1,372.5,357,2302.05
20191231,161000,0,0,0,0,0,0,0,0,0,0,0,0,0,0,2205,10.08,5.99,219.2,372.9,350,2233.67
20191231,161100,0,0,0,0,0,0,0,0,0,0,0,0,0,0,1993,9.1,5,219.3,406.6,348,2033
20191231,161200,0,0,0,0,0,0,0,0,0,0,0,0,0,0,1800,8.22,4.11,219.3,445.2,345,1829.77
20191231,161300,0,0,0,0,0,0,0,0,0,0,0,0,0,0,1881,8.58,3.69,219.3,519.4,339,1916.59
20191231,161400,0,0,0,0,0,0,0,0,0,0,0,0,0,0,1842,8.41,3.59,219.3,523.3,337,1878.65
20191231,161500,0,0,0,0,0,0,0,0,0,0,0,0,0,0,1814,8.27,3.49,219.2,524.4,330,1830.16
20191231,161600,0,0,0,0,0,0,0,0,0,0,0,0,0,0,1798,8.21,3.5,219.4,525.7,327,1839.95
20191231,161700,0,0,0,0,0,0,0,0,0,0,0,0,0,0,1785,8.15,3.44,219,524.6,324,1804.62
20191231,161800,0,0,0,0,0,0,0,0,0,0,0,0,0,0,1592,7.27,3.09,219,487.3,319,1505.76
20191231,161900,0,0,0,0,0,0,0,0,0,0,0,0,0,0,1737,7.94,3.37,219.3,528,316,1779.36
20191231,162000,0,0,0,0,0,0,0,0,0,0,0,0,0,0,1704,7.79,3.24,219.1,533.8,313,1729.51
20191231,162100,0,0,0,0,0,0,0,0,0,0,0,0,0,0,1511,6.93,2.77,218.7,559.2,293,1548.98
20191231,162200,0,0,0,0,0,0,0,0,0,0,0,0,0,0,1425,6.48,2.61,218.9,556.3,290,1451.94
20191231,162300,0,0,0,0,0,0,0,0,0,0,0,0,0,0,1440,6.58,2.81,218.9,525.6,290,1476.94
20191231,162400,0,0,0,0,0,0,0,0,0,0,0,0,0,0,1428,6.51,2.8,218.7,522,280,1461.6
20191231,162500,0,0,0,0,0,0,0,0,0,0,0,0,0,0,1311,6.08,2.69,218.4,522.7,274,1406.06
20191231,162600,0,0,0,0,0,0,0,0,0,0,0,0,0,0,1314,6,2.56,218.6,520.3,274,1331.97
20191231,162700,0,0,0,0,0,0,0,0,0,0,0,0,0,0,1224,5.6,2.43,218.5,517.7,272,1258.01
20191231,162800,0,0,0,0,0,0,0,0,0,0,0,0,0,0,1125,5.18,2.18,218.5,524.2,274,1142.76
20191231,162900,0,0,0,0,0,0,0,0,0,0,0,0,0,0,1309,5.99,2.84,218.5,471.9,269,1340.2
20191231,163000,0,0,0,0,0,0,0,0,0,0,0,0,0,0,1218,5.57,2.72,218.8,455.4,251,1238.69
20191231,163100,0,0,0,0,0,0,0,0,0,0,0,0,0,0,1017,4.58,2.09,218.4,497.4,234,1039.57
20191231,163200,0,0,0,0,0,0,0,0,0,0,0,0,0,0,888,4.05,1.79,218.2,516.2,216,924
20191231,163300,0,0,0,0,0,0,0,0,0,0,0,0,0,0,816,3.75,1.64,218,506.6,208,830.82
20191231,163400,0,0,0,0,0,0,0,0,0,0,0,0,0,0,765,3.51,1.5,218.1,526.3,203,789.45
20191231,163500,0,0,0,0,0,0,0,0,0,0,0,0,0,0,750,3.45,1.4,218.1,555.3,191,777.42
20191231,163600,0,0,0,0,0,0,0,0,0,0,0,0,0,0,738,3.38,1.42,218.1,539.6,187,766.23
20191231,163700,0,0,0,0,0,0,0,0,0,0,0,0,0,0,714,3.29,1.36,217.8,541.4,173,736.3
20191231,163800,0,0,0,0,0,0,0,0,0,0,0,0,0,0,703,3.24,1.31,217.9,557.3,161,730.06
20191231,163900,0,0,0,0,0,0,0,0,0,0,0,0,0,0,732,3.37,2.3,218,334.8,159,770.04
20191231,164000,0,0,0,0,0,0,0,0,0,0,0,0,0,0,671,3.08,2.06,218.2,343.9,146,708.43
20191231,164100,0,0,0,0,0,0,0,0,0,0,0,0,0,0,603,2.77,1.82,218,347.9,133,633.18
20191231,164200,0,0,0,0,0,0,0,0,0,0,0,0,0,0,531,2.45,1.51,217.9,375.4,123,566.85
20191231,164300,0,0,0,0,0,0,0,0,0,0,0,0,0,0,568,2.62,1.32,217.8,452.2,130,596.9
20191231,164400,0,0,0,0,0,0,0,0,0,0,0,0,0,0,618,2.85,1.14,217.9,559.5,129,637.83
20191231,164500,0,0,0,0,0,0,0,0,0,0,0,0,0,0,603,2.78,1.13,217.7,559.4,126,632.12
20191231,164600,0,0,0,0,0,0,0,0,0,0,0,0,0,0,603,2.81,1.13,217.8,567.7,132,641.5
20191231,164700,0,0,0,0,0,0,0,0,0,0,0,0,0,0,611,2.82,1.13,217.7,566.2,137,639.81
20191231,164800,0,0,0,0,0,0,0,0,0,0,0,0,0,0,603,2.78,1.12,217.6,557.5,129,624.4
20191231,164900,0,0,0,0,0,0,0,0,0,0,0,0,0,0,585,2.69,1.09,217.9,560.2,120,610.62
20191231,165000,0,0,0,0,0,0,0,0,0,0,0,0,0,0,567,2.62,1.06,217.8,556.7,112,590.1
20191231,165100,0,0,0,0,0,0,0,0,0,0,0,0,0,0,555,2.56,1.05,217.8,549.3,105,576.76
20191231,165200,0,0,0,0,0,0,0,0,0,0,0,0,0,0,534,2.45,1.02,217.5,549.7,97,560.69
20191231,165300,0,0,0,0,0,0,0,0,0,0,0,0,0,0,525,2.4,0.99,217.9,551,100,545.49
20191231,165400,0,0,0,0,0,0,0,0,0,0,0,0,0,0,510,2.35,1,217.9,535.9,94,535.9
20191231,165500,0,0,0,0,0,0,0,0,0,0,0,0,0,0,498,2.3,0.95,217.8,544.5,92,517.28
20191231,165600,0,0,0,0,0,0,0,0,0,0,0,0,0,0,495,2.27,0.96,217.7,538,91,516.48
20191231,165700,0,0,0,0,0,0,0,0,0,0,0,0,0,0,471,2.17,0.91,217.9,541.3,79,492.58
20191231,165800,0,0,0,0,0,0,0,0,0,0,0,0,0,0,438,2.01,0.88,217.8,522.9,71,460.15
20191231,165900,0,0,0,0,0,0,0,0,0,0,0,0,0,0,435,2,0.89,217.9,512.8,74,456.39
20191231,170000,0,0,0,0,0,0,0,0,0,0,0,0,0,0,442,2.04,0.88,217.8,530.7,76,467.02
20191231,170100,0,0,0,0,0,0,0,0,0,0,0,0,0,0,441,2.03,0.88,217.9,527.8,77,464.46
20191231,170200,0,0,0,0,0,0,0,0,0,0,0,0,0,0,435,2,0.87,217.9,529.5,77,460.66
20191231,170300,0,0,0,0,0,0,0,0,0,0,0,0,0,0,429,1.99,0.84,217.9,546,76,458.64
20191231,170400,0,0,0,0,0,0,0,0,0,0,0,0,0,0,426,1.96,0.81,217.5,555.5,74,449.96
20191231,170500,0,0,0,0,0,0,0,0,0,0,0,0,0,0,411,1.91,0.79,217.8,555.4,70,438.77
20191231,170600,0,0,0,0,0,0,0,0,0,0,0,0,0,0,407,1.88,0.77,217.8,561.2,70,432.12
20191231,170700,0,0,0,0,0,0,0,0,0,0,0,0,0,0,405,1.88,0.77,217.9,556.8,71,428.74
20191231,170800,0,0,0,0,0,0,0,0,0,0,0,0,0,0,405,1.86,0.78,217.6,547.7,70,427.21
20191231,170900,0,0,0,0,0,0,0,0,0,0,0,0,0,0,390,1.8,0.75,217.9,559.4,66,419.55
20191231,171000,0,0,0,0,0,0,0,0,0,0,0,0,0,0,384,1.77,0.77,217.9,523.9,62,403.4
20191231,171100,0,0,0,0,0,0,0,0,0,0,0,0,0,0,363,1.67,0.75,217.9,514.4,56,385.8
20191231,171200,0,0,0,0,0,0,0,0,0,0,0,0,0,0,362,1.66,0.73,217.9,529.5,56,386.53
20191231,171300,0,0,0,0,0,0,0,0,0,0,0,0,0,0,345,1.6,0.7,218.1,526.3,53,368.41
20191231,171400,0,0,0,0,0,0,0,0,0,0,0,0,0,0,332,1.53,0.68,218.2,527.2,48,358.5
20191231,171500,0,0,0,0,0,0,0,0,0,0,0,0,0,0,324,1.48,0.66,218,527.8,47,348.35
20191231,171600,0,0,0,0,0,0,0,0,0,0,0,0,0,0,317,1.46,0.65,218.1,528.5,48,343.53
20191231,171700,0,0,0,0,0,0,0,0,0,0,0,0,0,0,309,1.43,0.64,218,523.8,45,335.23
20191231,171800,0,0,0,0,0,0,0,0,0,0,0,0,0,0,297,1.38,0.62,218,520,42,322.4
20191231,171900,0,0,0,0,0,0,0,0,0,0,0,0,0,0,285,1.31,0.6,217.8,513.7,39,308.22
20191231,172000,0,0,0,0,0,0,0,0,0,0,0,0,0,0,270,1.25,0.59,218,505.3,38,298.13
20191231,172100,0,0,0,0,0,0,0,0,0,0,0,0,0,0,258,1.19,0.56,218.3,503.7,36,282.07
20191231,172200,0,0,0,0,0,0,0,0,0,0,0,0,0,0,246,1.14,0.55,218.3,494.6,33,272.03
20191231,172300,0,0,0,0,0,0,0,0,0,0,0,0,0,0,237,1.1,0.53,218.2,494.1,35,261.87
20191231,172400,0,0,0,0,0,0,0,0,0,0,0,0,0,0,231,1.06,0.51,218.3,501.4,31,255.71
20191231,172500,0,0,0,0,0,0,0,0,0,0,0,0,0,0,222,1.03,0.49,218.1,503.8,30,246.86
20191231,172600,0,0,0,0,0,0,0,0,0,0,0,0,0,0,213,0.99,0.48,218.2,503.8,31,241.82
20191231,172700,0,0,0,0,0,0,0,0,0,0,0,0,0,0,204,0.95,0.47,217.9,497.1,30,233.64
20191231,172800,0,0,0,0,0,0,0,0,0,0,0,0,0,0,199,0.92,0.45,218.2,496.3,28,223.34
20191231,172900,0,0,0,0,0,0,0,0,0,0,0,0,0,0,193,0.89,0.44,217.9,495.2,27,217.89
20191231,173000,0,0,0,0,0,0,0,0,0,0,0,0,0,0,189,0.86,0.42,218.6,498.1,27,209.2
20191231,173100,0,0,0,0,0,0,0,0,0,0,0,0,0,0,180,0.84,0.42,218.3,498.3,25,209.29
20191231,173200,0,0,0,0,0,0,0,0,0,0,0,0,0,0,174,0.81,0.4,218.5,494.2,24,197.68
20191231,173300,0,0,0,0,0,0,0,0,0,0,0,0,0,0,171,0.79,0.4,218.3,490,24,196
20191231,173400,0,0,0,0,0,0,0,0,0,0,0,0,0,0,165,0.77,0.38,217,497.4,24,189.01
20191231,173500,0,0,0,0,0,0,0,0,0,0,0,0,0,0,159,0.74,0.38,216.9,489.1,22,185.86
20191231,173600,0,0,0,0,0,0,0,0,0,0,0,0,0,0,156,0.72,0.37,217.2,493,24,182.41
20191231,173700,0,0,0,0,0,0,0,0,0,0,0,0,0,0,147,0.7,0.35,217.3,490.1,22,171.54
20191231,173800,0,0,0,0,0,0,0,0,0,0,0,0,0,0,144,0.67,0.35,217.2,491.7,21,172.1
20191231,173900,0,0,0,0,0,0,0,0,0,0,0,0,0,0,138,0.65,0.34,217.3,488.8,21,166.19
20191231,174000,0,0,0,0,0,0,0,0,0,0,0,0,0,0,135,0.63,0.33,217.3,488.7,19,161.27
20191231,174100,0,0,0,0,0,0,0,0,0,0,0,0,0,0,129,0.61,0.32,217.3,489.5,21,156.64
20191231,174200,0,0,0,0,0,0,0,0,0,0,0,0,0,0,126,0.59,0.31,217.2,488.7,19,151.5
20191231,174300,0,0,0,0,0,0,0,0,0,0,0,0,0,0,123,0.57,0.3,217.3,493.2,18,147.96
20191231,174400,0,0,0,0,0,0,0,0,0,0,0,0,0,0,117,0.55,0.29,217.1,489.1,18,141.84
20191231,174500,0,0,0,0,0,0,0,0,0,0,0,0,0,0,114,0.54,0.29,217.1,483.9,18,140.33
20191231,174600,0,0,0,0,0,0,0,0,0,0,0,0,0,0,111,0.52,0.28,216.9,483.9,18,135.49
20191231,174700,0,0,0,0,0,0,0,0,0,0,0,0,0,0,106,0.5,0.27,217.3,488.3,18,131.84
20191231,174800,0,0,0,0,0,0,0,0,0,0,0,0,0,0,102,0.48,0.27,217.3,487,16,131.49
20191231,174900,0,0,0,0,0,0,0,0,0,0,0,0,0,0,99,0.47,0.26,217.3,478.7,16,124.46
20191231,175000,0,0,0,0,0,0,0,0,0,0,0,0,0,0,96,0.45,0.25,217.1,488.5,16,122.12
20191231,175100,0,0,0,0,0,0,0,0,0,0,0,0,0,0,92,0.44,0.25,217.4,478.7,16,119.67
20191231,175200,0,0,0,0,0,0,0,0,0,0,0,0,0,0,90,0.43,0.24,217.6,480.5,15,115.32
20191231,175300,0,0,0,0,0,0,0,0,0,0,0,0,0,0,87,0.41,0.24,217.6,470.6,15,112.94
20191231,175400,0,0,0,0,0,0,0,0,0,0,0,0,0,0,81,0.39,0.23,217.4,483.2,15,111.14
20191231,175500,0,0,0,0,0,0,0,0,0,0,0,0,0,0,80,0.38,0.22,217.3,478.8,13,105.34
20191231,175600,0,0,0,0,0,0,0,0,0,0,0,0,0,0,75,0.37,0.22,217.3,479.2,13,105.42
20191231,175700,0,0,0,0,0,0,0,0,0,0,0,0,0,0,72,0.35,0.21,217.1,468.7,13,98.43
20191231,175800,0,0,0,0,0,0,0,0,0,0,0,0,0,0,69,0.33,0.2,217.4,474,12,94.8
20191231,175900,0,0,0,0,0,0,0,0,0,0,0,0,0,0,66,0.31,0.19,217.4,490.3,12,93.16
20191231,180000,0,0,0,0,0,0,0,0,0,0,0,0,0,0,60,0.3,0.19,217.4,460.6,12,87.51
20191231,180100,0,0,0,0,0,0,0,0,0,0,0,0,0,0,48,0.22,0.16,217,431.1,10,68.98
20191231,180200,0,0,0,0,0,0,0,0,0,0,0,0,0,0,54,0.26,0.17,217.3,473.8,12,80.55
20191231,180300,0,0,0,0,0,0,0,0,0,0,0,0,0,0,48,0.24,0.16,217.3,477.1,10,76.34
20191231,180400,0,0,0,0,0,0,0,0,0,0,0,0,0,0,42,0.22,0.15,217.6,473,10,70.95
20191231,180500,0,0,0,0,0,0,0,0,0,0,0,0,0,0,39,0.2,0.14,217.4,478.1,9,66.93
20191231,180600,0,0,0,0,0,0,0,0,0,0,0,0,0,0,33,0.17,0.13,217.5,468.8,9,60.94
20191231,180700,0,0,0,0,0,0,0,0,0,0,0,0,0,0,27,0.15,0.12,217.6,464,7,55.68
20191231,180800,0,0,0,0,0,0,0,0,0,0,0,0,0,0,24,0.14,0.11,217.5,463.7,7,51.01
20191231,180900,0,0,0,0,0,0,0,0,0,0,0,0,0,0,15,0.11,0.1,217.5,448.6,7,44.86
20191231,181000,0,0,0,0,0,0,0,0,0,0,0,0,0,0,12,0.1,0.09,217.4,446.6,6,40.19
20191231,181100,0,0,0,0,0,0,0,0,0,0,0,0,0,0,6,0.09,0.07,217.3,458.5,4,32.1
20191231,181200,0,0,0,0,0,0,0,0,0,0,0,0,0,0,0,0.09,0.06,216.8,469.2,4,28.15
20191231,181300,0,0,0,0,0,0,0,0,0,0,0,0,0,0,0,0.08,0.05,216.8,466.7,3,23.34
20191231,181400,0,0,0,0,0,0,0,0,0,0,0,0,0,0,0,0.08,0.04,216.9,434.2,3,17.37
20191231,181500,0,0,0,0,0,0,0,0,0,0,0,0,0,0,0,0.08,0.03,216.8,423.8,1,12.71
20191231,181600,0,0,0,0,0,0,0,0,0,0,0,0,0,0,0,0.09,0.02,216.6,402.3,0,8.05
20191231,181700,0,0,0,0,0,0,0,0,0,0,0,0,0,0,0,0.1,0.02,216.7,409.2,3,8.18
20191231,181800,0,0,0,0,0,0,0,0,0,0,0,0,0,0,0,0.1,0,216.7,514.9,0,0
20191231,181900,0,0,0,0,0,0,0,0,0,0,0,0,0,0,0,0.1,0,216.7,508.8,0,0
20191231,182000,0,0,0,0,0,0,0,0,0,0,0,0,0,0,0,0.1,0,216.7,498.1,0,0
20191231,182100,0,0,0,0,0,0,0,0,0,0,0,0,0,0,0,0.1,0,216.7,497.5,0,0
20191231,182200,0,0,0,0,0,0,0,0,0,0,0,0,0,0,0,0.1,0,216.7,497.5,0,0
20191231,182300,0,0,0,0,0,0,0,0,0,0,0,0,0,0,0,0.1,0,216.7,482.9,0,0
20191231,182400,0,0,0,0,0,0,0,0,0,0,0,0,0,0,0,0.1,0,216.7,482.9,0,0
20191231,182500,0,0,0,0,0,0,0,0,0,0,0,0,0,0,0,0.1,0,216.7,463.3,0,0
20191231,182600,0,0,0,0,0,0,0,0,0,0,0,0,0,0,0,0.1,0,216.7,463.3,0,0
20191231,182700,0,0,0,0,0,0,0,0,0,0,0,0,0,0,0,0.1,0,216.7,437.2,0,0
20191231,182800,0,0,0,0,0,0,0,0,0,0,0,0,0,0,0,0.1,0,216.7,420.8,0,0
20191231,182900,0,0,0,0,0,0,0,0,0,0,0,0,0,0,0,0.1,0,216.7,400.5,0,0
20191231,183000,0,0,0,0,0,0,0,0,0,0,0,0,0,0,0,0.1,0,216.7,380.5,0,0
20191231,183100,0,0,0,0,0,0,0,0,0,0,0,0,0,0,0,0.1,0,216.7,335.6,0,0
20191231,183200,0,0,0,0,0,0,0,0,0,0,0,0,0,0,0,0.1,0,216.7,338.7,0,0
20191231,183300,0,0,0,0,0,0,0,0,0,0,0,0,0,0,0,0.1,0,216.7,338.7,0,0
20191231,183400,0,0,0,0,0,0,0,0,0,0,0,0,0,0,0,0.1,0,216.7,281.4,0,0
20191231,183500,0,0,0,0,0,0,0,0,0,0,0,0,0,0,0,0.1,0,216.7,281.4,0,0
20191231,183600,0,0,0,0,0,0,0,0,0,0,0,0,0,0,0,0.1,0,216.7,165.8,0,0
20191231,183700,0,0,0,0,0,0,0,0,0,0,0,0,0,0,0,0.1,0,216.7,148.9,0,0
20191231,183800,0,0,0,0,0,0,0,0,0,0,0,0,0,0,0,0.1,0,216.7,148.9,0,0
20191231,183900,0,0,0,0,0,0,0,0,0,0,0,0,0,0,0,0.1,0,216.7,97.2,0,0
20191231,184000,0,0,0,0,0,0,0,0,0,0,0,0,0,0,0,0.1,0,216.7,82.3,0,0
20191231,184100,0,0,0,0,0,0,0,0,0,0,0,0,0,0,0,0.1,0,216.7,82.3,0,0
20191231,184200,0,0,0,0,0,0,0,0,0,0,0,0,0,0,0,0.1,0,216.7,60,0,0
20191231,184300,0,0,0,0,0,0,0,0,0,0,0,0,0,0,0,0.1,0,216.7,60,0,0
20191231,184400,0,0,0,0,0,0,0,0,0,0,0,0,0,0,0,0.1,0,216.7,51.5,0,0
20191231,184500,0,0,0,0,0,0,0,0,0,0,0,0,0,0,0,0.1,0,216.7,51.5,0,0
20191231,184600,0,0,0,0,0,0,0,0,0,0,0,0,0,0,0,0.1,0,216.7,49.1,0,0
20191231,184700,0,0,0,0,0,0,0,0,0,0,0,0,0,0,0,0.1,0,216.7,49.1,0,0
20191231,184800,0,0,0,0,0,0,0,0,0,0,0,0,0,0,0,0.1,0,216.7,47.9,0,0
20191231,184900,0,0,0,0,0,0,0,0,0,0,0,0,0,0,0,0.1,0,216.7,47.9,0,0
20191231,185000,0,0,0,0,0,0,0,0,0,0,0,0,0,0,0,0.1,0,216.7,46.9,0,0
20191231,185100,0,0,0,0,0,0,0,0,0,0,0,0,0,0,0,0.1,0,216.7,46.9,0,0
20191231,185200,0,0,0,0,0,0,0,0,0,0,0,0,0,0,0,0.1,0,216.7,46.4,0,0
20191231,185300,0,0,0,0,0,0,0,0,0,0,0,0,0,0,0,0.1,0,216.7,46.4,0,0
20191231,185400,0,0,0,0,0,0,0,0,0,0,0,0,0,0,0,0.1,0,216.7,45.8,0,0
20191231,185500,0,0,0,0,0,0,0,0,0,0,0,0,0,0,0,0.1,0,216.7,45.8,0,0
20191231,185600,0,0,0,0,0,0,0,0,0,0,0,0,0,0,0,0.1,0,216.7,45.4,0,0
20191231,185700,0,0,0,0,0,0,0,0,0,0,0,0,0,0,0,0.1,0,216.7,45.4,0,0
20191231,185800,0,0,0,0,0,0,0,0,0,0,0,0,0,0,0,0.1,0,216.7,44.6,0,0
20191231,185900,0,0,0,0,0,0,0,0,0,0,0,0,0,0,0,0.1,0,216.7,44.6,0,0
20191231,190000,0,0,0,0,0,0,0,0,0,0,0,0,0,0,0,0.1,0,216.7,43.4,0,0
20191231,190100,0,0,0,0,0,0,0,0,0,0,0,0,0,0,0,0.1,0,216.7,43.4,0,0
20191231,190200,0,0,0,0,0,0,0,0,0,0,0,0,0,0,0,0.1,0,216.7,43.2,0,0
20191231,190300,0,0,0,0,0,0,0,0,0,0,0,0,0,0,0,0.1,0,216.7,43.2,0,0
20191231,190400,0,0,0,0,0,0,0,0,0,0,0,0,0,0,0,0.1,0,216.7,43.3,0,0
20191231,190500,0,0,0,0,0,0,0,0,0,0,0,0,0,0,0,0.1,0,216.7,43.5,0,0
20191231,190600,0,0,0,0,0,0,0,0,0,0,0,0,0,0,0,0.1,0,216.7,43.5,0,0
20191231,190700,0,0,0,0,0,0,0,0,0,0,0,0,0,0,0,0.1,0,216.7,43.4,0,0
20191231,190800,0,0,0,0,0,0,0,0,0,0,0,0,0,0,0,0.1,0,216.7,43.4,0,0
20191231,190900,0,0,0,0,0,0,0,0,0,0,0,0,0,0,0,0.1,0,216.7,43.4,0,0
20191231,191000,0,0,0,0,0,0,0,0,0,0,0,0,0,0,0,0.1,0,216.7,43.4,0,0
20191231,191100,0,0,0,0,0,0,0,0,0,0,0,0,0,0,0,0.1,0,216.7,43.4,0,0
20191231,191200,0,0,0,0,0,0,0,0,0,0,0,0,0,0,0,0.1,0,216.7,43.3,0,0
20191231,191300,0,0,0,0,0,0,0,0,0,0,0,0,0,0,0,0.1,0,216.7,43.3,0,0
20191231,191400,0,0,0,0,0,0,0,0,0,0,0,0,0,0,0,0.1,0,216.7,43.2,0,0
20191231,191500,0,0,0,0,0,0,0,0,0,0,0,0,0,0,0,0.1,0,216.7,43.2,0,0
20191231,191600,0,0,0,0,0,0,0,0,0,0,0,0,0,0,0,0.1,0,216.7,43.1,0,0
20191231,191700,0,0,0,0,0,0,0,0,0,0,0,0,0,0,0,0.1,0,216.7,43.1,0,0
20191231,191800,0,0,0,0,0,0,0,0,0,0,0,0,0,0,0,0.1,0,216.7,43.1,0,0
20191231,191900,0,0,0,0,0,0,0,0,0,0,0,0,0,0,0,0.1,0,216.7,43.1,0,0
20191231,192000,0,0,0,0,0,0,0,0,0,0,0,0,0,0,0,0.1,0,216.7,43.1,0,0
20191231,192100,0,0,0,0,0,0,0,0,0,0,0,0,0,0,0,0.1,0,216.7,43.2,0,0
20191231,192200,0,0,0,0,0,0,0,0,0,0,0,0,0,0,0,0.1,0,216.7,43.2,0,0
20191231,192300,0,0,0,0,0,0,0,0,0,0,0,0,0,0,0,0.1,0,216.7,43.4,0,0
20191231,192400,0,0,0,0,0,0,0,0,0,0,0,0,0,0,0,0.1,0,216.7,43.4,0,0
20191231,192500,0,0,0,0,0,0,0,0,0,0,0,0,0,0,0,0.1,0,216.7,43.3,0,0
20191231,192600,0,0,0,0,0,0,0,0,0,0,0,0,0,0,0,0.1,0,216.7,43.3,0,0
20191231,192700,0,0,0,0,0,0,0,0,0,0,0,0,0,0,0,0.1,0,216.7,43.2,0,0
20191231,192800,0,0,0,0,0,0,0,0,0,0,0,0,0,0,0,0.1,0,216.7,43.2,0,0
20191231,192900,0,0,0,0,0,0,0,0,0,0,0,0,0,0,0,0.1,0,216.7,43,0,0
20191231,193000,0,0,0,0,0,0,0,0,0,0,0,0,0,0,0,0.1,0,216.7,43,0,0
20191231,193100,0,0,0,0,0,0,0,0,0,0,0,0,0,0,0,0.1,0,216.7,42.5,0,0
20191231,193200,0,0,0,0,0,0,0,0,0,0,0,0,0,0,0,0.1,0,216.7,42.5,0,0
20191231,193300,0,0,0,0,0,0,0,0,0,0,0,0,0,0,0,0.1,0,216.7,42.1,0,0
20191231,193400,0,0,0,0,0,0,0,0,0,0,0,0,0,0,0,0.1,0,216.7,42.1,0,0
20191231,193500,0,0,0,0,0,0,0,0,0,0,0,0,0,0,0,0.1,0,216.7,42,0,0
20191231,193600,0,0,0,0,0,0,0,0,0,0,0,0,0,0,0,0.1,0,216.7,42,0,0
20191231,193700,0,0,0,0,0,0,0,0,0,0,0,0,0,0,0,0.1,0,216.7,42,0,0
20191231,193800,0,0,0,0,0,0,0,0,0,0,0,0,0,0,0,0.1,0,216.7,42,0,0
20191231,193900,0,0,0,0,0,0,0,0,0,0,0,0,0,0,0,0.1,0,216.7,42.1,0,0
20191231,194000,0,0,0,0,0,0,0,0,0,0,0,0,0,0,0,0.1,0,216.7,42.1,0,0
20191231,194100,0,0,0,0,0,0,0,0,0,0,0,0,0,0,0,0.1,0,216.7,42.2,0,0
20191231,194200,0,0,0,0,0,0,0,0,0,0,0,0,0,0,0,0.1,0,216.7,42.4,0,0
20191231,194300,0,0,0,0,0,0,0,0,0,0,0,0,0,0,0,0.1,0,216.7,42.6,0,0
20191231,194400,0,0,0,0,0,0,0,0,0,0,0,0,0,0,0,0.1,0,216.7,42.7,0,0
20191231,194500,0,0,0,0,0,0,0,0,0,0,0,0,0,0,0,0.1,0,216.7,42.9,0,0
20191231,194600,0,0,0,0,0,0,0,0,0,0,0,0,0,0,0,0.1,0,216.7,42.9,0,0
20191231,194700,0,0,0,0,0,0,0,0,0,0,0,0,0,0,0,0.1,0,216.7,42.9,0,0
20191231,194800,0,0,0,0,0,0,0,0,0,0,0,0,0,0,0,0.1,0,216.7,42.9,0,0
20191231,194900,0,0,0,0,0,0,0,0,0,0,0,0,0,0,0,0.1,0,216.7,43,0,0
20191231,195000,0,0,0,0,0,0,0,0,0,0,0,0,0,0,0,0.1,0,216.7,43.1,0,0
20191231,195100,0,0,0,0,0,0,0,0,0,0,0,0,0,0,0,0.1,0,216.7,43.2,0,0
20191231,195200,0,0,0,0,0,0,0,0,0,0,0,0,0,0,0,0.1,0,216.7,43.1,0,0
20191231,195300,0,0,0,0,0,0,0,0,0,0,0,0,0,0,0,0.1,0,216.7,43,0,0
20191231,195400,0,0,0,0,0,0,0,0,0,0,0,0,0,0,0,0.1,0,216.7,42.9,0,0
20191231,195500,0,0,0,0,0,0,0,0,0,0,0,0,0,0,0,0.1,0,216.7,42.8,0,0
20191231,195600,0,0,0,0,0,0,0,0,0,0,0,0,0,0,0,0.1,0,216.7,42.7,0,0
20191231,195700,0,0,0,0,0,0,0,0,0,0,0,0,0,0,0,0.1,0,216.7,42.7,0,0
20191231,195800,0,0,0,0,0,0,0,0,0,0,0,0,0,0,0,0.1,0,216.7,42.4,0,0
20191231,195900,0,0,0,0,0,0,0,0,0,0,0,0,0,0,0,0.1,0,216.7,42.4,0,0
20191231,200000,0,0,0,0,0,0,0,0,0,0,0,0,0,0,0,0.1,0,216.7,42.6,0,0
20191231,200100,0,0,0,0,0,0,0,0,0,0,0,0,0,0,0,0.1,0,216.7,42.6,0,0
20191231,200200,0,0,0,0,0,0,0,0,0,0,0,0,0,0,0,0.1,0,216.7,42.9,0,0
20191231,200300,0,0,0,0,0,0,0,0,0,0,0,0,0,0,0,0.1,0,216.7,42.9,0,0
20191231,200400,0,0,0,0,0,0,0,0,0,0,0,0,0,0,0,0.1,0,216.7,43.1,0,0
20191231,200500,0,0,0,0,0,0,0,0,0,0,0,0,0,0,0,0.1,0,216.7,43.1,0,0
20191231,200600,0,0,0,0,0,0,0,0,0,0,0,0,0,0,0,0.1,0,216.7,43,0,0
20191231,200700,0,0,0,0,0,0,0,0,0,0,0,0,0,0,0,0.1,0,216.7,43,0,0
20191231,200800,0,0,0,0,0,0,0,0,0,0,0,0,0,0,0,0.1,0,216.7,43,0,0
20191231,200900,0,0,0,0,0,0,0,0,0,0,0,0,0,0,0,0.1,0,216.7,43,0,0
20191231,201000,0,0,0,0,0,0,0,0,0,0,0,0,0,0,0,0.1,0,216.7,42.8,0,0
20191231,201100,0,0,0,0,0,0,0,0,0,0,0,0,0,0,0,0.1,0,216.7,42.8,0,0
20191231,201200,0,0,0,0,0,0,0,0,0,0,0,0,0,0,0,0.1,0,216.7,42.5,0,0
20191231,201300,0,0,0,0,0,0,0,0,0,0,0,0,0,0,0,0.1,0,216.7,42.5,0,0
20191231,201400,0,0,0,0,0,0,0,0,0,0,0,0,0,0,0,0.1,0,216.7,42.7,0,0
20191231,201500,0,0,0,0,0,0,0,0,0,0,0,0,0,0,0,0.1,0,216.7,42.7,0,0
20191231,201600,0,0,0,0,0,0,0,0,0,0,0,0,0,0,0,0.1,0,216.7,43.1,0,0
20191231,201700,0,0,0,0,0,0,0,0,0,0,0,0,0,0,0,0.1,0,216.7,43.1,0,0
20191231,201800,0,0,0,0,0,0,0,0,0,0,0,0,0,0,0,0.1,0,216.7,43.5,0,0
20191231,201900,0,0,0,0,0,0,0,0,0,0,0,0,0,0,0,0.1,0,216.7,43.5,0,0
20191231,202000,0,0,0,0,0,0,0,0,0,0,0,0,0,0,0,0.1,0,216.7,43.7,0,0
20191231,202100,0,0,0,0,0,0,0,0,0,0,0,0,0,0,0,0.1,0,216.7,43.7,0,0
20191231,202200,0,0,0,0,0,0,0,0,0,0,0,0,0,0,0,0.1,0,216.7,43.7,0,0
20191231,202300,0,0,0,0,0,0,0,0,0,0,0,0,0,0,0,0.1,0,216.7,43.7,0,0
20191231,202400,0,0,0,0,0,0,0,0,0,0,0,0,0,0,0,0.1,0,216.7,43.7,0,0
20191231,202500,0,0,0,0,0,0,0,0,0,0,0,0,0,0,0,0.1,0,216.7,43.6,0,0
20191231,202600,0,0,0,0,0,0,0,0,0,0,0,0,0,0,0,0.1,0,216.7,43.5,0,0
20191231,202700,0,0,0,0,0,0,0,0,0,0,0,0,0,0,0,0.1,0,216.7,43.5,0,0
20191231,202800,0,0,0,0,0,0,0,0,0,0,0,0,0,0,0,0.1,0,216.7,43.6,0,0
20191231,202900,0,0,0,0,0,0,0,0,0,0,0,0,0,0,0,0.1,0,216.7,43.5,0,0
20191231,203000,0,0,0,0,0,0,0,0,0,0,0,0,0,0,0,0.1,0,216.7,43.5,0,0
20191231,203100,0,0,0,0,0,0,0,0,0,0,0,0,0,0,0,0.1,0,216.7,43.5,0,0
20191231,203200,0,0,0,0,0,0,0,0,0,0,0,0,0,0,0,0.1,0,216.7,43.4,0,0
20191231,203300,0,0,0,0,0,0,0,0,0,0,0,0,0,0,0,0.1,0,216.7,43.3,0,0
20191231,203400,0,0,0,0,0,0,0,0,0,0,0,0,0,0,0,0.1,0,216.7,43.3,0,0
20191231,203500,0,0,0,0,0,0,0,0,0,0,0,0,0,0,0,0.1,0,216.7,43.3,0,0
20191231,203600,0,0,0,0,0,0,0,0,0,0,0,0,0,0,0,0.1,0,216.7,43.5,0,0
20191231,203700,0,0,0,0,0,0,0,0,0,0,0,0,0,0,0,0.1,0,216.7,43.6,0,0
20191231,203800,0,0,0,0,0,0,0,0,0,0,0,0,0,0,0,0.1,0,216.7,43.6,0,0
20191231,203900,0,0,0,0,0,0,0,0,0,0,0,0,0,0,0,0.1,0,216.7,43.7,0,0
20191231,204000,0,0,0,0,0,0,0,0,0,0,0,0,0,0,0,0.1,0,216.7,43.7,0,0
20191231,204100,0,0,0,0,0,0,0,0,0,0,0,0,0,0,0,0.1,0,216.7,44,0,0
20191231,204200,0,0,0,0,0,0,0,0,0,0,0,0,0,0,0,0.1,0,216.7,44,0,0
20191231,204300,0,0,0,0,0,0,0,0,0,0,0,0,0,0,0,0.1,0,216.7,44.2,0,0
20191231,204400,0,0,0,0,0,0,0,0,0,0,0,0,0,0,0,0.1,0,216.7,44.2,0,0
20191231,204500,0,0,0,0,0,0,0,0,0,0,0,0,0,0,0,0.1,0,216.7,44.3,0,0
20191231,204600,0,0,0,0,0,0,0,0,0,0,0,0,0,0,0,0.1,0,216.7,44.3,0,0
20191231,204700,0,0,0,0,0,0,0,0,0,0,0,0,0,0,0,0.1,0,216.7,44.1,0,0
20191231,204800,0,0,0,0,0,0,0,0,0,0,0,0,0,0,0,0.1,0,216.7,44.1,0,0
20191231,204900,0,0,0,0,0,0,0,0,0,0,0,0,0,0,0,0.1,0,216.7,44,0,0
20191231,205000,0,0,0,0,0,0,0,0,0,0,0,0,0,0,0,0.1,0,216.7,44,0,0
20191231,205100,0,0,0,0,0,0,0,0,0,0,0,0,0,0,0,0.1,0,216.7,43.9,0,0
20191231,205200,0,0,0,0,0,0,0,0,0,0,0,0,0,0,0,0.1,0,216.7,43.9,0,0
20191231,205300,0,0,0,0,0,0,0,0,0,0,0,0,0,0,0,0.1,0,216.7,44.1,0,0
20191231,205400,0,0,0,0,0,0,0,0,0,0,0,0,0,0,0,0.1,0,216.7,44.1,0,0
20191231,205500,0,0,0,0,0,0,0,0,0,0,0,0,0,0,0,0.1,0,216.7,44.3,0,0
20191231,205600,0,0,0,0,0,0,0,0,0,0,0,0,0,0,0,0.1,0,216.7,44.3,0,0
20191231,205700,0,0,0,0,0,0,0,0,0,0,0,0,0,0,0,0.1,0,216.7,44.6,0,0
20191231,205800,0,0,0,0,0,0,0,0,0,0,0,0,0,0,0,0.1,0,216.7,44.6,0,0
20191231,205900,0,0,0,0,0,0,0,0,0,0,0,0,0,0,0,0.1,0,216.7,44.5,0,0
20191231,210000,0,0,0,0,0,0,0,0,0,0,0,0,0,0,0,0.1,0,216.7,44.5,0,0
20191231,210100,0,0,0,0,0,0,0,0,0,0,0,0,0,0,0,0.1,0,216.7,44.5,0,0
20191231,210200,0,0,0,0,0,0,0,0,0,0,0,0,0,0,0,0.1,0,216.7,44.5,0,0
20191231,210300,0,0,0,0,0,0,0,0,0,0,0,0,0,0,0,0.1,0,216.7,44.6,0,0
20191231,210400,0,0,0,0,0,0,0,0,0,0,0,0,0,0,0,0.1,0,216.7,44.6,0,0
20191231,210500,0,0,0,0,0,0,0,0,0,0,0,0,0,0,0,0.1,0,216.7,44.6,0,0
20191231,210600,0,0,0,0,0,0,0,0,0,0,0,0,0,0,0,0.1,0,216.7,44.6,0,0
20191231,210700,0,0,0,0,0,0,0,0,0,0,0,0,0,0,0,0.1,0,216.7,44.7,0,0
20191231,210800,0,0,0,0,0,0,0,0,0,0,0,0,0,0,0,0.1,0,216.7,44.7,0,0
20191231,210900,0,0,0,0,0,0,0,0,0,0,0,0,0,0,0,0.1,0,216.7,44.4,0,0
20191231,211000,0,0,0,0,0,0,0,0,0,0,0,0,0,0,0,0.1,0,216.7,44.3,0,0
20191231,211100,0,0,0,0,0,0,0,0,0,0,0,0,0,0,0,0.1,0,216.7,44.3,0,0
20191231,211200,0,0,0,0,0,0,0,0,0,0,0,0,0,0,0,0.1,0,216.7,44.2,0,0
20191231,211300,0,0,0,0,0,0,0,0,0,0,0,0,0,0,0,0.1,0,216.7,44.2,0,0
20191231,211400,0,0,0,0,0,0,0,0,0,0,0,0,0,0,0,0.1,0,216.7,44.2,0,0
20191231,211500,0,0,0,0,0,0,0,0,0,0,0,0,0,0,0,0.1,0,216.7,44.4,0,0
20191231,211600,0,0,0,0,0,0,0,0,0,0,0,0,0,0,0,0.1,0,216.7,44.5,0,0
20191231,211700,0,0,0,0,0,0,0,0,0,0,0,0,0,0,0,0.1,0,216.7,44.6,0,0
20191231,211800,0,0,0,0,0,0,0,0,0,0,0,0,0,0,0,0.1,0,216.7,44.8,0,0
20191231,211900,0,0,0,0,0,0,0,0,0,0,0,0,0,0,0,0.1,0,216.7,44.8,0,0
20191231,212000,0,0,0,0,0,0,0,0,0,0,0,0,0,0,0,0.1,0,216.7,45.1,0,0
20191231,212100,0,0,0,0,0,0,0,0,0,0,0,0,0,0,0,0.1,0,216.7,45.1,0,0
20191231,212200,0,0,0,0,0,0,0,0,0,0,0,0,0,0,0,0.1,0,216.7,45.1,0,0
20191231,212300,0,0,0,0,0,0,0,0,0,0,0,0,0,0,0,0.1,0,216.7,45.1,0,0
20191231,212400,0,0,0,0,0,0,0,0,0,0,0,0,0,0,0,0.1,0,216.7,45,0,0
20191231,212500,0,0,0,0,0,0,0,0,0,0,0,0,0,0,0,0.1,0,216.7,45,0,0
20191231,212600,0,0,0,0,0,0,0,0,0,0,0,0,0,0,0,0.1,0,216.7,45.1,0,0
20191231,212700,0,0,0,0,0,0,0,0,0,0,0,0,0,0,0,0.1,0,216.7,45.1,0,0
20191231,212800,0,0,0,0,0,0,0,0,0,0,0,0,0,0,0,0.1,0,216.7,45.2,0,0
20191231,212900,0,0,0,0,0,0,0,0,0,0,0,0,0,0,0,0.1,0,216.7,45.2,0,0
20191231,213000,0,0,0,0,0,0,0,0,0,0,0,0,0,0,0,0.1,0,216.7,45.3,0,0
20191231,213100,0,0,0,0,0,0,0,0,0,0,0,0,0,0,0,0.1,0,216.7,45.3,0,0
20191231,213200,0,0,0,0,0,0,0,0,0,0,0,0,0,0,0,0.1,0,216.7,45.2,0,0
20191231,213300,0,0,0,0,0,0,0,0,0,0,0,0,0,0,0,0.1,0,216.7,45.2,0,0
20191231,213400,0,0,0,0,0,0,0,0,0,0,0,0,0,0,0,0.1,0,216.7,45.1,0,0
20191231,213500,0,0,0,0,0,0,0,0,0,0,0,0,0,0,0,0.1,0,216.7,45.1,0,0
20191231,213600,0,0,0,0,0,0,0,0,0,0,0,0,0,0,0,0.1,0,216.7,45.2,0,0
20191231,213700,0,0,0,0,0,0,0,0,0,0,0,0,0,0,0,0.1,0,216.7,45.2,0,0
20191231,213800,0,0,0,0,0,0,0,0,0,0,0,0,0,0,0,0.1,0,216.7,45.1,0,0
20191231,213900,0,0,0,0,0,0,0,0,0,0,0,0,0,0,0,0.1,0,216.7,45.1,0,0
20191231,214000,0,0,0,0,0,0,0,0,0,0,0,0,0,0,0,0.1,0,216.7,44.9,0,0
20191231,214100,0,0,0,0,0,0,0,0,0,0,0,0,0,0,0,0.1,0,216.7,44.9,0,0
20191231,214200,0,0,0,0,0,0,0,0,0,0,0,0,0,0,0,0.1,0,216.7,45,0,0
20191231,214300,0,0,0,0,0,0,0,0,0,0,0,0,0,0,0,0.1,0,216.7,45.1,0,0
20191231,214400,0,0,0,0,0,0,0,0,0,0,0,0,0,0,0,0.1,0,216.7,45.2,0,0
20191231,214500,0,0,0,0,0,0,0,0,0,0,0,0,0,0,0,0.1,0,216.7,45.3,0,0
20191231,214600,0,0,0,0,0,0,0,0,0,0,0,0,0,0,0,0.1,0,216.7,45.4,0,0
20191231,214700,0,0,0,0,0,0,0,0,0,0,0,0,0,0,0,0.1,0,216.7,45.3,0,0
20191231,214800,0,0,0,0,0,0,0,0,0,0,0,0,0,0,0,0.1,0,216.7,45.3,0,0
20191231,214900,0,0,0,0,0,0,0,0,0,0,0,0,0,0,0,0.1,0,216.7,45.3,0,0
20191231,215000,0,0,0,0,0,0,0,0,0,0,0,0,0,0,0,0.1,0,216.7,45.2,0,0
20191231,215100,0,0,0,0,0,0,0,0,0,0,0,0,0,0,0,0.1,0,216.7,45.1,0,0
20191231,215200,0,0,0,0,0,0,0,0,0,0,0,0,0,0,0,0.1,0,216.7,45,0,0
20191231,215300,0,0,0,0,0,0,0,0,0,0,0,0,0,0,0,0.1,0,216.7,44.9,0,0
20191231,215400,0,0,0,0,0,0,0,0,0,0,0,0,0,0,0,0.1,0,216.7,44.9,0,0
20191231,215500,0,0,0,0,0,0,0,0,0,0,0,0,0,0,0,0.1,0,216.7,44.9,0,0
20191231,215600,0,0,0,0,0,0,0,0,0,0,0,0,0,0,0,0.1,0,216.7,44.9,0,0
20191231,215700,0,0,0,0,0,0,0,0,0,0,0,0,0,0,0,0.1,0,216.7,44.9,0,0
20191231,215800,0,0,0,0,0,0,0,0,0,0,0,0,0,0,0,0.1,0,216.7,44.9,0,0
20191231,215900,0,0,0,0,0,0,0,0,0,0,0,0,0,0,0,0.1,0,216.7,44.9,0,0
20191231,220000,0,0,0,0,0,0,0,0,0,0,0,0,0,0,0,0.1,0,216.7,44.9,0,0
20191231,220100,0,0,0,0,0,0,0,0,0,0,0,0,0,0,0,0.1,0,216.7,44.9,0,0
20191231,220200,0,0,0,0,0,0,0,0,0,0,0,0,0,0,0,0.1,0,216.7,44.9,0,0
20191231,220300,0,0,0,0,0,0,0,0,0,0,0,0,0,0,0,0.1,0,216.7,45.2,0,0
20191231,220400,0,0,0,0,0,0,0,0,0,0,0,0,0,0,0,0.1,0,216.7,45.2,0,0
20191231,220500,0,0,0,0,0,0,0,0,0,0,0,0,0,0,0,0.1,0,216.7,45.4,0,0
20191231,220600,0,0,0,0,0,0,0,0,0,0,0,0,0,0,0,0.1,0,216.7,45.4,0,0
20191231,220700,0,0,0,0,0,0,0,0,0,0,0,0,0,0,0,0.1,0,216.7,45.4,0,0
20191231,220800,0,0,0,0,0,0,0,0,0,0,0,0,0,0,0,0.1,0,216.7,45.4,0,0
20191231,220900,0,0,0,0,0,0,0,0,0,0,0,0,0,0,0,0.1,0,216.7,45.5,0,0
20191231,221000,0,0,0,0,0,0,0,0,0,0,0,0,0,0,0,0.1,0,216.7,45.5,0,0
20191231,221100,0,0,0,0,0,0,0,0,0,0,0,0,0,0,0,0.1,0,216.7,45.7,0,0
20191231,221200,0,0,0,0,0,0,0,0,0,0,0,0,0,0,0,0.1,0,216.7,45.7,0,0
20191231,221300,0,0,0,0,0,0,0,0,0,0,0,0,0,0,0,0.1,0,216.7,45.8,0,0
20191231,221400,0,0,0,0,0,0,0,0,0,0,0,0,0,0,0,0.1,0,216.7,45.8,0,0
20191231,221500,0,0,0,0,0,0,0,0,0,0,0,0,0,0,0,0.1,0,216.7,45.8,0,0
20191231,221600,0,0,0,0,0,0,0,0,0,0,0,0,0,0,0,0.1,0,216.7,45.8,0,0
20191231,221700,0,0,0,0,0,0,0,0,0,0,0,0,0,0,0,0.1,0,216.7,45.9,0,0
20191231,221800,0,0,0,0,0,0,0,0,0,0,0,0,0,0,0,0.1,0,216.7,45.9,0,0
20191231,221900,0,0,0,0,0,0,0,0,0,0,0,0,0,0,0,0.1,0,216.7,45.9,0,0
20191231,222000,0,0,0,0,0,0,0,0,0,0,0,0,0,0,0,0.1,0,216.7,45.9,0,0
20191231,222100,0,0,0,0,0,0,0,0,0,0,0,0,0,0,0,0.1,0,216.7,46.1,0,0
20191231,222200,0,0,0,0,0,0,0,0,0,0,0,0,0,0,0,0.1,0,216.7,46.1,0,0
20191231,222300,0,0,0,0,0,0,0,0,0,0,0,0,0,0,0,0.1,0,216.7,46.1,0,0
20191231,222400,0,0,0,0,0,0,0,0,0,0,0,0,0,0,0,0.1,0,216.7,46.1,0,0
20191231,222500,0,0,0,0,0,0,0,0,0,0,0,0,0,0,0,0.1,0,216.7,46.2,0,0
20191231,222600,0,0,0,0,0,0,0,0,0,0,0,0,0,0,0,0.1,0,216.7,46.3,0,0
20191231,222700,0,0,0,0,0,0,0,0,0,0,0,0,0,0,0,0.1,0,216.7,46.4,0,0
20191231,222800,0,0,0,0,0,0,0,0,0,0,0,0,0,0,0,0.1,0,216.7,46.4,0,0
20191231,222900,0,0,0,0,0,0,0,0,0,0,0,0,0,0,0,0.1,0,216.7,46.4,0,0
20191231,223000,0,0,0,0,0,0,0,0,0,0,0,0,0,0,0,0.1,0,216.7,46.4,0,0
20191231,223100,0,0,0,0,0,0,0,0,0,0,0,0,0,0,0,0.1,0,216.7,46.4,0,0
20191231,223200,0,0,0,0,0,0,0,0,0,0,0,0,0,0,0,0.1,0,216.7,46.3,0,0
20191231,223300,0,0,0,0,0,0,0,0,0,0,0,0,0,0,0,0.1,0,216.7,46.3,0,0
20191231,223400,0,0,0,0,0,0,0,0,0,0,0,0,0,0,0,0.1,0,216.7,46.2,0,0
20191231,223500,0,0,0,0,0,0,0,0,0,0,0,0,0,0,0,0.1,0,216.7,46.2,0,0
20191231,223600,0,0,0,0,0,0,0,0,0,0,0,0,0,0,0,0.1,0,216.7,46.3,0,0
20191231,223700,0,0,0,0,0,0,0,0,0,0,0,0,0,0,0,0.1,0,216.7,46.4,0,0
20191231,223800,0,0,0,0,0,0,0,0,0,0,0,0,0,0,0,0.1,0,216.7,46.5,0,0
20191231,223900,0,0,0,0,0,0,0,0,0,0,0,0,0,0,0,0.1,0,216.7,46.5,0,0
20191231,224000,0,0,0,0,0,0,0,0,0,0,0,0,0,0,0,0.1,0,216.7,46.7,0,0
20191231,224100,0,0,0,0,0,0,0,0,0,0,0,0,0,0,0,0.1,0,216.7,46.7,0,0
20191231,224200,0,0,0,0,0,0,0,0,0,0,0,0,0,0,0,0.1,0,216.7,46.6,0,0
20191231,224300,0,0,0,0,0,0,0,0,0,0,0,0,0,0,0,0.1,0,216.7,46.6,0,0
20191231,224400,0,0,0,0,0,0,0,0,0,0,0,0,0,0,0,0.1,0,216.7,46.3,0,0
20191231,224500,0,0,0,0,0,0,0,0,0,0,0,0,0,0,0,0.1,0,216.7,46.3,0,0
20191231,224600,0,0,0,0,0,0,0,0,0,0,0,0,0,0,0,0.1,0,216.7,46,0,0
20191231,224700,0,0,0,0,0,0,0,0,0,0,0,0,0,0,0,0.1,0,216.7,46,0,0
20191231,224800,0,0,0,0,0,0,0,0,0,0,0,0,0,0,0,0.1,0,216.7,45.8,0,0
20191231,224900,0,0,0,0,0,0,0,0,0,0,0,0,0,0,0,0.1,0,216.7,45.8,0,0
20191231,225000,0,0,0,0,0,0,0,0,0,0,0,0,0,0,0,0.1,0,216.7,45.7,0,0
20191231,225100,0,0,0,0,0,0,0,0,0,0,0,0,0,0,0,0.1,0,216.7,45.7,0,0
20191231,225200,0,0,0,0,0,0,0,0,0,0,0,0,0,0,0,0.1,0,216.7,45.8,0,0
20191231,225300,0,0,0,0,0,0,0,0,0,0,0,0,0,0,0,0.1,0,216.7,45.8,0,0
20191231,225400,0,0,0,0,0,0,0,0,0,0,0,0,0,0,0,0.1,0,216.7,46,0,0
20191231,225500,0,0,0,0,0,0,0,0,0,0,0,0,0,0,0,0.1,0,216.7,46,0,0
20191231,225600,0,0,0,0,0,0,0,0,0,0,0,0,0,0,0,0.1,0,216.7,46.4,0,0
20191231,225700,0,0,0,0,0,0,0,0,0,0,0,0,0,0,0,0.1,0,216.7,46.4,0,0
20191231,225800,0,0,0,0,0,0,0,0,0,0,0,0,0,0,0,0.1,0,216.7,46.6,0,0
20191231,225900,0,0,0,0,0,0,0,0,0,0,0,0,0,0,0,0.1,0,216.7,46.6,0,0
20191231,230000,0,0,0,0,0,0,0,0,0,0,0,0,0,0,0,0.1,0,216.7,46.7,0,0
20191231,230100,0,0,0,0,0,0,0,0,0,0,0,0,0,0,0,0.1,0,216.7,46.7,0,0
20191231,230200,0,0,0,0,0,0,0,0,0,0,0,0,0,0,0,0.1,0,216.7,46.6,0,0
20191231,230300,0,0,0,0,0,0,0,0,0,0,0,0,0,0,0,0.1,0,216.7,46.5,0,0
20191231,230400,0,0,0,0,0,0,0,0,0,0,0,0,0,0,0,0.1,0,216.7,46.3,0,0
20191231,230500,0,0,0,0,0,0,0,0,0,0,0,0,0,0,0,0.1,0,216.7,46.2,0,0
20191231,230600,0,0,0,0,0,0,0,0,0,0,0,0,0,0,0,0.1,0,216.7,46,0,0
20191231,230700,0,0,0,0,0,0,0,0,0,0,0,0,0,0,0,0.1,0,216.7,45.9,0,0
20191231,230800,0,0,0,0,0,0,0,0,0,0,0,0,0,0,0,0.1,0,216.7,45.7,0,0
20191231,230900,0,0,0,0,0,0,0,0,0,0,0,0,0,0,0,0.1,0,216.7,45.6,0,0
20191231,231000,0,0,0,0,0,0,0,0,0,0,0,0,0,0,0,0.1,0,216.7,45.6,0,0
20191231,231100,0,0,0,0,0,0,0,0,0,0,0,0,0,0,0,0.1,0,216.7,45.8,0,0
20191231,231200,0,0,0,0,0,0,0,0,0,0,0,0,0,0,0,0.1,0,216.7,45.9,0,0
20191231,231300,0,0,0,0,0,0,0,0,0,0,0,0,0,0,0,0.1,0,216.7,45.6,0,0
20191231,231400,0,0,0,0,0,0,0,0,0,0,0,0,0,0,0,0.1,0,216.7,45.4,0,0
20191231,231500,0,0,0,0,0,0,0,0,0,0,0,0,0,0,0,0.1,0,216.7,45.3,0,0
20191231,231600,0,0,0,0,0,0,0,0,0,0,0,0,0,0,0,0.1,0,216.7,45.2,0,0
20191231,231700,0,0,0,0,0,0,0,0,0,0,0,0,0,0,0,0.1,0,216.7,45.2,0,0
20191231,231800,0,0,0,0,0,0,0,0,0,0,0,0,0,0,0,0.1,0,216.7,45.2,0,0
20191231,231900,0,0,0,0,0,0,0,0,0,0,0,0,0,0,0,0.1,0,216.7,45.2,0,0
20191231,232000,0,0,0,0,0,0,0,0,0,0,0,0,0,0,0,0.1,0,216.7,45.2,0,0
20191231,232100,0,0,0,0,0,0,0,0,0,0,0,0,0,0,0,0.1,0,216.7,45.2,0,0
20191231,232200,0,0,0,0,0,0,0,0,0,0,0,0,0,0,0,0.1,0,216.7,45.2,0,0
20191231,232300,0,0,0,0,0,0,0,0,0,0,0,0,0,0,0,0.1,0,216.7,45.3,0,0
20191231,232400,0,0,0,0,0,0,0,0,0,0,0,0,0,0,0,0.1,0,216.7,45.3,0,0
20191231,232500,0,0,0,0,0,0,0,0,0,0,0,0,0,0,0,0.1,0,216.7,45.3,0,0
20191231,232600,0,0,0,0,0,0,0,0,0,0,0,0,0,0,0,0.1,0,216.7,45.3,0,0
20191231,232700,0,0,0,0,0,0,0,0,0,0,0,0,0,0,0,0.1,0,216.7,45.4,0,0
20191231,232800,0,0,0,0,0,0,0,0,0,0,0,0,0,0,0,0.1,0,216.7,45.4,0,0
20191231,232900,0,0,0,0,0,0,0,0,0,0,0,0,0,0,0,0.1,0,216.7,45.4,0,0
20191231,233000,0,0,0,0,0,0,0,0,0,0,0,0,0,0,0,0.1,0,216.7,45.4,0,0
20191231,233100,0,0,0,0,0,0,0,0,0,0,0,0,0,0,0,0.1,0,216.7,45.5,0,0
20191231,233200,0,0,0,0,0,0,0,0,0,0,0,0,0,0,0,0.1,0,216.7,45.5,0,0
20191231,233300,0,0,0,0,0,0,0,0,0,0,0,0,0,0,0,0.1,0,216.7,45.4,0,0
20191231,233400,0,0,0,0,0,0,0,0,0,0,0,0,0,0,0,0.1,0,216.7,45.4,0,0
20191231,233500,0,0,0,0,0,0,0,0,0,0,0,0,0,0,0,0.1,0,216.7,45.4,0,0
20191231,233600,0,0,0,0,0,0,0,0,0,0,0,0,0,0,0,0.1,0,216.7,45.4,0,0
20191231,233700,0,0,0,0,0,0,0,0,0,0,0,0,0,0,0,0.1,0,216.7,45.5,0,0
20191231,233800,0,0,0,0,0,0,0,0,0,0,0,0,0,0,0,0.1,0,216.7,45.5,0,0
20191231,233900,0,0,0,0,0,0,0,0,0,0,0,0,0,0,0,0.1,0,216.7,45.5,0,0
20191231,234000,0,0,0,0,0,0,0,0,0,0,0,0,0,0,0,0.1,0,216.7,45.5,0,0
20191231,234100,0,0,0,0,0,0,0,0,0,0,0,0,0,0,0,0.1,0,216.7,45.6,0,0
20191231,234200,0,0,0,0,0,0,0,0,0,0,0,0,0,0,0,0.1,0,216.7,45.6,0,0
20191231,234300,0,0,0,0,0,0,0,0,0,0,0,0,0,0,0,0.1,0,216.7,45.8,0,0
20191231,234400,0,0,0,0,0,0,0,0,0,0,0,0,0,0,0,0.1,0,216.7,45.8,0,0
20191231,234500,0,0,0,0,0,0,0,0,0,0,0,0,0,0,0,0.1,0,216.7,45.8,0,0
20191231,234600,0,0,0,0,0,0,0,0,0,0,0,0,0,0,0,0.1,0,216.7,45.8,0,0
20191231,234700,0,0,0,0,0,0,0,0,0,0,0,0,0,0,0,0.1,0,216.7,45.8,0,0
20191231,234800,0,0,0,0,0,0,0,0,0,0,0,0,0,0,0,0.1,0,216.7,45.7,0,0
20191231,234900,0,0,0,0,0,0,0,0,0,0,0,0,0,0,0,0.1,0,216.7,45.6,0,0
20191231,235000,0,0,0,0,0,0,0,0,0,0,0,0,0,0,0,0.1,0,216.7,45.6,0,0
20191231,235100,0,0,0,0,0,0,0,0,0,0,0,0,0,0,0,0.1,0,216.7,45.5,0,0
20191231,235200,0,0,0,0,0,0,0,0,0,0,0,0,0,0,0,0.1,0,216.7,45.5,0,0
20191231,235300,0,0,0,0,0,0,0,0,0,0,0,0,0,0,0,0.1,0,216.7,45.6,0,0
20191231,235400,0,0,0,0,0,0,0,0,0,0,0,0,0,0,0,0.1,0,216.7,45.7,0,0
20191231,235500,0,0,0,0,0,0,0,0,0,0,0,0,0,0,0,0.1,0,216.7,45.8,0,0
20191231,235600,0,0,0,0,0,0,0,0,0,0,0,0,0,0,0,0.1,0,216.7,45.8,0,0
20191231,235700,0,0,0,0,0,0,0,0,0,0,0,0,0,0,0,0.1,0,216.7,45.9,0,0
20191231,235800,0,0,0,0,0,0,0,0,0,0,0,0,0,0,0,0.1,0,216.7,45.9,0,0
20191231,235900,0,0,0,0,0,0,0,0,0,0,0,0,0,0,0,0.1,0,216.7,45.9,0,0
